Namespace(batch_size=128, calculator='relative', cuda=True, cutout=True, data_augmentation=True, dataset='cifar10', epochs=200, forwardlr=True, fp_selector='alwayson', learning_rate=0.1, length=16, lr_sched='/users/ahjiang/src/Cutout/pytorch-cifar/data/config/sysml20//cifar10/lr_sched_cifar10_wideresnet', model='wideresnet', n_holes=1, no_cuda=False, output_dir='./logs', prob_pow=4, sb=True, seed=0, strategy='sb')
Files already downloaded and verified
Files already downloaded and verified
Setting learning rate to 0.1 at 128 backprops
test_debug,0,50000,0,0.014083,43.900000,0,297.983201981
test_debug,1,60003,39997,0.011790,48.820000,0,415.102447987
test_debug,2,70024,79976,0.012178,44.970000,0,532.543859959
test_debug,3,80198,119802,0.011100,53.820000,0,650.957116127
test_debug,4,90054,159903,0.010068,59.090000,0,766.669219017
test_debug,5,100055,199945,0.010674,56.420000,0,883.750627995
test_debug,6,109969,240031,0.010140,58.250000,0,1000.90414214
test_debug,7,119982,280018,0.010264,52.670000,0,1118.22145915
test_debug,8,129910,320090,0.009794,59.860000,0,1235.76678109
test_debug,9,139832,360168,0.009733,60.830000,0,1353.246135
test_debug,10,149885,400115,0.008968,65.670000,0,1471.22179914
test_debug,11,159843,440157,0.008042,68.300000,0,1589.24938011
test_debug,12,169755,480245,0.008469,67.070000,0,1706.55471611
test_debug,13,179820,520180,0.007808,71.350000,0,1824.74535513
test_debug,14,189742,560258,0.008392,62.300000,0,1940.80424094
test_debug,15,199712,600288,0.007520,72.470000,0,2059.12396598
test_debug,16,209696,640257,0.007224,71.800000,0,2175.33564711
test_debug,17,219661,680339,0.007067,73.420000,0,2293.27954412
test_debug,18,229773,720160,0.006486,75.600000,0,2410.04455209
test_debug,19,239826,760174,0.006998,74.990000,0,2526.59133911
test_debug,20,249778,800222,0.005975,77.540000,0,2644.39510298
test_debug,21,259760,840240,0.006006,78.300000,0,2762.65617704
test_debug,22,269668,880332,0.006009,77.920000,0,2879.86332607
test_debug,23,279664,920336,0.007560,67.460000,0,2996.899858
test_debug,24,289736,960264,0.005603,80.330000,0,3115.15289497
test_debug,25,299658,1000342,0.005052,80.070000,0,3231.13082409
test_debug,26,309710,1040290,0.004796,81.130000,0,3349.038692
test_debug,27,319687,1080313,0.004847,82.090000,0,3467.00766611
test_debug,28,329708,1120292,0.005404,77.140000,0,3583.370996
test_debug,29,339500,1160500,0.005100,78.280000,0,3700.13920403
test_debug,30,349542,1200458,0.005126,80.560000,0,3816.60777211
test_debug,31,359416,1240584,0.006171,71.310000,0,3933.17191005
test_debug,32,369514,1280486,0.004444,83.920000,0,4049.66616797
test_debug,33,379497,1320503,0.004892,79.880000,0,4167.84720016
test_debug,34,389598,1360402,0.004246,83.540000,0,4286.44765997
test_debug,35,399494,1400506,0.004287,83.420000,0,4403.08957911
test_debug,36,409507,1440493,0.005188,78.480000,0,4519.16876411
test_debug,37,419404,1480596,0.004107,83.710000,0,4635.87430501
test_debug,38,429403,1520597,0.005268,74.860000,0,4752.79433894
test_debug,39,439387,1560577,0.003669,85.620000,0,4868.83548903
test_debug,40,449485,1600515,0.003827,85.870000,0,4985.40787506
test_debug,41,459415,1640585,0.003660,85.560000,0,5102.760988
test_debug,42,469271,1680663,0.003414,86.190000,0,5218.175349
test_debug,43,479239,1720761,0.003460,86.720000,0,5336.05160594
test_debug,44,489218,1760782,0.003478,86.540000,0,5454.08558607
test_debug,45,499202,1800771,0.003390,85.670000,0,5570.00343895
test_debug,46,509120,1840880,0.003586,85.760000,0,5685.90677595
test_debug,47,519056,1880944,0.003619,85.450000,0,5801.77606297
test_debug,48,529071,1920929,0.003597,85.030000,0,5918.86063313
test_debug,49,539055,1960933,0.003177,87.510000,0,6035.04076505
test_debug,50,549002,2000998,0.002963,87.900000,0,6152.55476093
test_debug,51,559114,2040849,0.002900,88.140000,0,6269.10378814
test_debug,52,569140,2080860,0.003191,86.940000,0,6386.53930712
test_debug,53,579040,2120960,0.003082,86.630000,0,6503.44917011
test_debug,54,589043,2160957,0.004260,81.120000,0,6619.66524816
test_debug,55,599155,2200779,0.002937,88.480000,0,6736.26129603
test_debug,56,609267,2240733,0.002825,88.130000,0,6852.90006614
test_debug,57,619297,2280703,0.003450,85.490000,0,6970.36414909
test_debug,58,629381,2320619,0.003333,86.680000,0,7088.81482005
Setting learning rate to 0.02 at 639315 backprops
test_debug,59,639315,2360685,0.003583,84.180000,0,7206.30294704
test_debug,60,649218,2400782,0.001716,92.900000,0,7323.259727
test_debug,61,659102,2440898,0.001583,93.350000,0,7439.91439199
test_debug,62,668958,2480984,0.001573,93.120000,0,7555.56295109
test_debug,63,678975,2521025,0.001477,93.460000,0,7672.89592695
test_debug,64,688974,2561026,0.001574,93.140000,0,7789.07146502
test_debug,65,698829,2601171,0.001611,92.960000,0,7904.63340402
test_debug,66,708813,2641156,0.001475,93.470000,0,8020.64776015
test_debug,67,718834,2681166,0.001549,93.560000,0,8136.8112781
test_debug,68,728775,2721225,0.001458,93.800000,0,8254.47571707
test_debug,69,738735,2761265,0.001584,93.170000,0,8372.42299509
test_debug,70,748647,2801353,0.001511,93.690000,0,8488.32850599
test_debug,71,758693,2841307,0.001516,93.520000,0,8604.79656696
test_debug,72,768711,2881289,0.001548,93.540000,0,8722.15826797
test_debug,73,778680,2921320,0.001473,93.620000,0,8840.29291701
test_debug,74,788649,2961351,0.001467,94.010000,0,8956.48940516
test_debug,75,798617,3001383,0.001405,94.100000,0,9072.70335698
test_debug,76,808564,3041436,0.001576,93.340000,0,9188.73506498
test_debug,77,818412,3081588,0.001509,93.580000,0,9306.39116812
test_debug,78,828268,3121718,0.001561,93.570000,0,9422.07041001
test_debug,79,838317,3161683,0.001490,93.930000,0,9539.96380615
test_debug,80,848301,3201695,0.001449,94.140000,0,9656.14959812
test_debug,81,858241,3241759,0.001581,93.660000,0,9773.78833294
test_debug,82,868225,3281698,0.001610,93.550000,0,9889.99053812
test_debug,83,878267,3321733,0.001513,93.920000,0,10006.464469
test_debug,84,888235,3361765,0.001505,93.870000,0,10122.58687
test_debug,85,898315,3401685,0.001477,93.700000,0,10239.272572
test_debug,86,908299,3441686,0.001590,93.410000,0,10355.46861
test_debug,87,918283,3481663,0.001427,93.700000,0,10471.6735661
test_debug,88,928316,3521684,0.001654,93.190000,0,10589.328778
test_debug,89,938161,3561839,0.001439,94.190000,0,10704.902899
test_debug,90,948231,3601769,0.001438,94.250000,0,10823.1822731
test_debug,91,958215,3641768,0.001568,93.750000,0,10939.3669519
test_debug,92,968148,3681852,0.001400,94.090000,0,11056.9177761
test_debug,93,978160,3721840,0.001607,93.450000,0,11173.0982001
test_debug,94,988109,3761891,0.001617,93.640000,0,11290.653892
test_debug,95,998093,3801892,0.001544,94.020000,0,11406.833339
test_debug,96,1008074,3841926,0.001640,93.940000,0,11524.9930611
test_debug,97,1017927,3882073,0.001746,93.660000,0,11640.476841
test_debug,98,1027911,3922052,0.001678,93.410000,0,11756.4125199
test_debug,99,1037832,3962168,0.001415,94.110000,0,11872.0885611
test_debug,100,1047734,4002266,0.001763,93.200000,0,11987.8044071
test_debug,101,1057681,4042319,0.001472,94.220000,0,12103.658289
test_debug,102,1067708,4082292,0.001485,94.120000,0,12221.0132539
test_debug,103,1077608,4122392,0.001600,93.610000,0,12336.721123
test_debug,104,1087526,4162474,0.001485,93.890000,0,12452.455735
test_debug,105,1097483,4202517,0.001446,94.190000,0,12570.2649419
test_debug,106,1107335,4242665,0.001376,94.450000,0,12687.8679101
test_debug,107,1117411,4282589,0.001437,94.220000,0,12806.1143529
test_debug,108,1127341,4322659,0.001767,93.650000,0,12922.0138111
test_debug,109,1137197,4362744,0.001324,94.360000,0,13037.576031
test_debug,110,1147254,4402746,0.001493,94.090000,0,13155.4970241
test_debug,111,1157229,4442771,0.001395,94.380000,0,13273.564393
test_debug,112,1167309,4482691,0.001523,94.100000,0,13390.032356
test_debug,113,1177165,4522793,0.001504,94.400000,0,13505.4484961
test_debug,114,1187133,4562867,0.001573,94.120000,0,13621.5262501
test_debug,115,1197202,4602798,0.001532,94.080000,0,13738.0303221
test_debug,116,1207144,4642856,0.001540,94.150000,0,13853.9476759
test_debug,117,1217121,4682879,0.001632,93.750000,0,13970.065187
test_debug,118,1227184,4722816,0.001632,93.980000,0,14088.0536029
Setting learning rate to 0.004 at 1237196 backprops
test_debug,119,1237196,4762804,0.001553,94.030000,0,14204.302048
test_debug,120,1247201,4802799,0.001101,95.630000,0,14321.303616
test_debug,121,1257116,4842884,0.001127,95.620000,0,14438.3678021
test_debug,122,1266941,4883059,0.001148,95.600000,0,14555.5883751
test_debug,123,1276923,4923077,0.001154,95.560000,0,14671.481261
test_debug,124,1287014,4962986,0.001146,95.720000,0,14789.7418551
test_debug,125,1297091,5002909,0.001160,95.920000,0,14906.0488951
test_debug,126,1306876,5043124,0.001153,95.770000,0,15022.5386209
test_debug,127,1316905,5083095,0.001180,95.680000,0,15139.8532741
test_debug,128,1326811,5123189,0.001169,95.910000,0,15256.7856021
test_debug,129,1336843,5163157,0.001201,95.720000,0,15374.2616642
test_debug,130,1346837,5203163,0.001320,95.480000,0,15491.110101
test_debug,131,1356886,5243114,0.001273,95.620000,0,15607.335588
test_debug,132,1366887,5283113,0.001245,95.650000,0,15723.500978
test_debug,133,1376861,5323139,0.001216,95.760000,0,15841.5830991
test_debug,134,1386813,5363187,0.001198,95.710000,0,15957.577415
test_debug,135,1396710,5403290,0.001209,95.840000,0,16073.3435299
test_debug,136,1406731,5443269,0.001245,95.770000,0,16189.467175
test_debug,137,1416701,5483299,0.001233,95.850000,0,16305.54638
test_debug,138,1426652,5523348,0.001172,95.890000,0,16423.255537
test_debug,139,1436636,5563321,0.001313,95.770000,0,16539.382865
test_debug,140,1446748,5603231,0.001283,95.660000,0,16656.050374
test_debug,141,1456732,5643215,0.001294,95.810000,0,16772.212049
test_debug,142,1466629,5683371,0.001209,95.870000,0,16887.9983079
test_debug,143,1476675,5723325,0.001277,95.780000,0,17004.3206789
test_debug,144,1486659,5763306,0.001257,95.810000,0,17120.4564312
test_debug,145,1496643,5803314,0.001283,95.970000,0,17236.580121
test_debug,146,1506662,5843338,0.001272,95.910000,0,17353.91484
test_debug,147,1516590,5883410,0.001321,95.760000,0,17469.7725451
test_debug,148,1526569,5923431,0.001314,95.800000,0,17585.842768
test_debug,149,1536573,5963427,0.001259,95.750000,0,17702.8835001
test_debug,150,1546553,6003447,0.001238,95.890000,0,17818.994792
test_debug,151,1556475,6043525,0.001309,95.830000,0,17934.8313479
test_debug,152,1566459,6083500,0.001277,95.720000,0,18050.943172
test_debug,153,1576315,6123661,0.001277,95.900000,0,18166.5297179
test_debug,154,1586290,6163710,0.001324,95.700000,0,18282.609997
test_debug,155,1596395,6203605,0.001314,95.620000,0,18399.146668
test_debug,156,1606405,6243595,0.001316,95.660000,0,18516.224149
test_debug,157,1616478,6283522,0.001329,95.730000,0,18634.447927
test_debug,158,1626518,6323482,0.001330,95.770000,0,18750.809881
Setting learning rate to 0.0008 at 1636502 backprops
test_debug,159,1636502,6363445,0.001315,95.620000,0,18866.9512661
test_debug,160,1646460,6403540,0.001225,96.020000,0,18983.013958
test_debug,161,1656529,6443471,0.001220,96.060000,0,19099.486412
test_debug,162,1666447,6483553,0.001203,96.110000,0,19215.3436561
test_debug,163,1676400,6523600,0.001210,96.080000,0,19331.3204401
test_debug,164,1686335,6563665,0.001203,96.080000,0,19447.199544
test_debug,165,1696259,6603741,0.001179,96.160000,0,19563.106456
test_debug,166,1706310,6643690,0.001171,96.280000,0,19680.9860551
test_debug,167,1716209,6683791,0.001200,96.240000,0,19796.8407221
test_debug,168,1726161,6723839,0.001189,96.230000,0,19912.8814981
test_debug,169,1736224,6763776,0.001230,96.110000,0,20029.41905
test_debug,170,1746208,6803724,0.001225,96.160000,0,20145.443444
test_debug,171,1756192,6843763,0.001238,96.120000,0,20261.5327051
test_debug,172,1766093,6883907,0.001228,96.110000,0,20377.4441001
test_debug,173,1776142,6923858,0.001209,96.120000,0,20493.8242722
test_debug,174,1785998,6964002,0.001202,96.160000,0,20609.4640651
test_debug,175,1795836,7004164,0.001212,96.210000,0,20726.997081
test_debug,176,1805751,7044249,0.001218,96.080000,0,20842.91588
test_debug,177,1815607,7084331,0.001214,96.170000,0,20958.5744221
test_debug,178,1825591,7124383,0.001194,96.220000,0,21074.797842
test_debug,179,1835555,7164445,0.001197,96.300000,0,21192.8982711
test_debug,180,1845483,7204517,0.001226,96.180000,0,21308.9192991
test_debug,181,1855339,7244585,0.001215,96.140000,0,21424.6953361
test_debug,182,1865353,7284647,0.001224,96.240000,0,21541.956445
test_debug,183,1875306,7324694,0.001201,96.190000,0,21658.131824
test_debug,184,1885374,7364626,0.001219,96.200000,0,21774.802803
test_debug,185,1895294,7404706,0.001208,96.240000,0,21890.8768651
test_debug,186,1905269,7444731,0.001205,96.260000,0,22007.1401551
test_debug,187,1915300,7484700,0.001225,96.170000,0,22123.48685
test_debug,188,1925241,7524759,0.001239,96.090000,0,22239.6647861
test_debug,189,1935328,7564672,0.001219,96.020000,0,22358.247185
test_debug,190,1945285,7604715,0.001213,96.140000,0,22474.452862
test_debug,191,1955385,7644615,0.001232,96.230000,0,22593.2486861
test_debug,192,1965532,7684468,0.001213,96.200000,0,22710.2420399
test_debug,193,1975479,7724521,0.001229,96.210000,0,22826.3148081
test_debug,194,1985495,7764505,0.001238,96.120000,0,22943.5186989
test_debug,195,1995537,7804463,0.001233,96.160000,0,23059.897553
test_debug,196,2005459,7844541,0.001226,96.180000,0,23175.8376801
test_debug,197,2015427,7884573,0.001216,96.290000,0,23292.0179181
test_debug,198,2025283,7924682,0.001239,96.260000,0,23407.793056
test_debug,199,2035261,7964739,0.001236,96.220000,0,23526.0750821
