Namespace(batch_size=128, calculator='random', cuda=True, cutout=True, data_augmentation=True, dataset='cifar10', epochs=200, forwardlr=True, fp_selector='alwayson', learning_rate=0.1, length=16, lr_sched='/users/ahjiang/src/Cutout/pytorch-cifar/data/config/sysml20//cifar10/lr_sched_cifar10_wideresnet', model='wideresnet', n_holes=1, no_cuda=False, output_dir='./logs', prob_pow=4, sb=True, seed=0, strategy='sb')
Files already downloaded and verified
Files already downloaded and verified
Setting learning rate to 0.1 at 128 backprops
test_debug,0,50000,0,0.012828,47.190000,0,297.684096098
test_debug,1,60056,39944,0.011626,52.170000,0,413.806381941
test_debug,2,70125,79875,0.011240,53.160000,0,530.069124937
test_debug,3,80053,119947,0.009869,58.450000,0,644.163447142
test_debug,4,89998,160002,0.008859,60.370000,0,759.93669796
test_debug,5,99982,199993,0.009665,59.280000,0,874.115087032
test_debug,6,110004,239996,0.009507,60.440000,0,989.512514114
test_debug,7,119988,279934,0.008938,62.600000,0,1103.767946
test_debug,8,129968,320032,0.007447,67.850000,0,1220.04327202
test_debug,9,140008,359992,0.009286,59.700000,0,1335.98671508
test_debug,10,150020,399980,0.010209,56.460000,0,1451.25696707
test_debug,11,160115,439885,0.007785,66.370000,0,1567.94332099
test_debug,12,170334,479666,0.007013,69.950000,0,1685.11168909
test_debug,13,180390,519610,0.008522,64.400000,0,1799.74696898
test_debug,14,190416,559584,0.007030,69.640000,0,1915.32645011
test_debug,15,200457,599543,0.006595,72.050000,0,2031.12366414
test_debug,16,210278,639722,0.006038,74.230000,0,2146.41677713
test_debug,17,220323,679677,0.008610,65.670000,0,2262.23925304
test_debug,18,230241,719759,0.006828,70.060000,0,2377.47884107
test_debug,19,240296,759704,0.006973,70.900000,0,2493.47639394
test_debug,20,250327,799673,0.006743,71.610000,0,2609.09921312
test_debug,21,260412,839588,0.005993,75.170000,0,2725.65642595
test_debug,22,270409,879591,0.007293,68.360000,0,2840.79860616
test_debug,23,280542,919458,0.009489,60.350000,0,2956.56718993
test_debug,24,290501,959499,0.005500,76.470000,0,3072.69090295
test_debug,25,300553,999447,0.005814,75.560000,0,3188.77947593
test_debug,26,310429,1039571,0.006183,73.320000,0,3303.42142415
test_debug,27,320520,1079480,0.006348,74.150000,0,3418.15407515
test_debug,28,330624,1119376,0.005132,77.850000,0,3534.91854501
test_debug,29,340810,1159190,0.006532,73.130000,0,3651.56981802
test_debug,30,350759,1199241,0.007065,72.290000,0,3765.75393105
test_debug,31,360699,1239301,0.007325,70.480000,0,3881.52874112
test_debug,32,370745,1279255,0.005850,75.710000,0,3996.11790609
test_debug,33,380846,1319154,0.005666,77.170000,0,4112.99426699
test_debug,34,390826,1359174,0.006492,74.090000,0,4227.34788394
test_debug,35,400833,1399167,0.009740,65.210000,0,4342.55281115
test_debug,36,410629,1439371,0.005751,76.370000,0,4456.03107715
test_debug,37,420706,1479294,0.010664,64.460000,0,4570.6732111
test_debug,38,430892,1519108,0.006666,73.030000,0,4685.78953099
test_debug,39,440876,1559113,0.004537,80.900000,0,4800.00620604
test_debug,40,450697,1599303,0.007408,71.850000,0,4913.60419893
test_debug,41,460841,1639159,0.006841,72.380000,0,5029.49720907
test_debug,42,471008,1678992,0.005188,79.180000,0,5145.78965902
test_debug,43,481079,1718921,0.005467,76.790000,0,5262.12416601
test_debug,44,490986,1759014,0.007285,72.580000,0,5377.398808
test_debug,45,501016,1798984,0.004096,82.650000,0,5493.02703595
test_debug,46,510961,1839039,0.005725,77.200000,0,5607.14581013
test_debug,47,520938,1879062,0.004918,78.970000,0,5723.41623712
test_debug,48,530826,1919174,0.006893,73.440000,0,5837.26758695
test_debug,49,540858,1959142,0.006357,74.380000,0,5952.80680013
test_debug,50,550798,1999202,0.005445,77.470000,0,6066.96859407
test_debug,51,560846,2039154,0.004793,79.560000,0,6182.86908698
test_debug,52,570767,2079233,0.006333,75.820000,0,6298.3194921
test_debug,53,580783,2119217,0.004757,79.600000,0,6412.71073413
test_debug,54,590864,2159136,0.005598,77.890000,0,6529.21567607
test_debug,55,600890,2199110,0.004712,79.850000,0,6643.73276711
test_debug,56,610933,2239067,0.006689,73.290000,0,6759.50330305
test_debug,57,621078,2278922,0.005097,77.660000,0,6875.31554508
test_debug,58,631145,2318855,0.004710,79.730000,0,6991.49956799
Setting learning rate to 0.02 at 641341 backprops
test_debug,59,641341,2358659,0.004479,80.650000,0,7106.68673706
test_debug,60,651453,2398488,0.002529,88.940000,0,7221.585536
test_debug,61,661360,2438640,0.002406,89.580000,0,7335.59507513
test_debug,62,671344,2478641,0.002400,89.730000,0,7449.85114193
test_debug,63,681200,2518727,0.002314,89.940000,0,7563.69918013
test_debug,64,691203,2558797,0.002304,90.000000,0,7678.86171794
test_debug,65,701209,2598791,0.002462,89.590000,0,7794.003232
test_debug,66,711034,2638966,0.002525,89.230000,0,7907.65306807
test_debug,67,721048,2678952,0.002390,89.810000,0,8023.08771896
test_debug,68,731063,2718937,0.002280,90.480000,0,8138.57353401
test_debug,69,740976,2759024,0.002469,89.340000,0,8252.71400404
test_debug,70,750825,2799175,0.002425,89.790000,0,8366.58169198
test_debug,71,760800,2839200,0.002227,90.660000,0,8482.89189196
test_debug,72,770896,2879104,0.002292,90.250000,0,8599.65152311
test_debug,73,780924,2919076,0.002343,89.800000,0,8715.21667409
test_debug,74,790908,2959019,0.002195,90.850000,0,8829.51237011
test_debug,75,801020,2998939,0.002138,90.900000,0,8944.27107906
test_debug,76,811043,3038957,0.002450,89.740000,0,9059.77075195
test_debug,77,820965,3079035,0.002382,89.840000,0,9175.25012803
test_debug,78,831049,3118951,0.002184,90.860000,0,9291.79120994
test_debug,79,840905,3159039,0.002254,90.280000,0,9405.49273801
test_debug,80,850921,3199079,0.002231,90.610000,0,9519.98299408
test_debug,81,860863,3239137,0.002345,89.680000,0,9635.72614193
test_debug,82,870910,3279090,0.002193,90.630000,0,9751.44340205
test_debug,83,880951,3319049,0.002214,90.440000,0,9865.83507204
test_debug,84,890847,3359153,0.002497,89.150000,0,9980.79614806
test_debug,85,900874,3399126,0.002296,90.150000,0,10096.486315
test_debug,86,910781,3439219,0.002119,90.760000,0,10210.4532871
test_debug,87,920878,3479122,0.002448,89.590000,0,10327.2366011
test_debug,88,930893,3519107,0.002230,90.630000,0,10441.6898429
test_debug,89,940922,3559078,0.002553,89.620000,0,10557.326278
test_debug,90,951034,3598954,0.002425,89.700000,0,10672.155087
test_debug,91,960997,3639003,0.002188,90.680000,0,10786.409759
test_debug,92,971021,3678979,0.002202,90.920000,0,10900.9320571
test_debug,93,980981,3719019,0.002168,90.860000,0,11017.0526772
test_debug,94,991138,3758862,0.002357,89.840000,0,11132.149102
test_debug,95,1001015,3798985,0.002445,89.580000,0,11246.029237
test_debug,96,1011127,3838872,0.002769,88.870000,0,11360.8962941
test_debug,97,1021225,3878775,0.002231,90.410000,0,11477.6627011
test_debug,98,1031304,3918696,0.001999,91.590000,0,11594.0342431
test_debug,99,1041160,3958816,0.002423,90.000000,0,11707.8882101
test_debug,100,1051272,3998717,0.002226,90.660000,0,11822.7743959
test_debug,101,1061362,4038638,0.002230,90.540000,0,11939.524051
test_debug,102,1071442,4078558,0.002169,90.680000,0,12056.062423
test_debug,103,1081536,4118464,0.002194,90.610000,0,12172.806571
test_debug,104,1091492,4158508,0.002083,90.970000,0,12287.0700819
test_debug,105,1101348,4198642,0.002813,88.630000,0,12400.887845
test_debug,106,1111184,4238816,0.002393,89.820000,0,12516.574986
test_debug,107,1121238,4278762,0.002198,90.660000,0,12632.7129359
test_debug,108,1131299,4318701,0.002275,90.590000,0,12748.9188101
test_debug,109,1141224,4358776,0.001992,91.880000,0,12864.4920001
test_debug,110,1151186,4398814,0.002311,90.470000,0,12978.7930059
test_debug,111,1161061,4438939,0.002398,90.280000,0,13092.8657382
test_debug,112,1171080,4478920,0.002411,90.440000,0,13208.476052
test_debug,113,1181188,4518812,0.002257,90.740000,0,13323.382659
test_debug,114,1191209,4558791,0.002400,90.320000,0,13438.9175711
test_debug,115,1201312,4598688,0.002201,91.100000,0,13553.809716
test_debug,116,1211402,4638598,0.002226,90.360000,0,13668.5752981
test_debug,117,1221423,4678577,0.002378,89.910000,0,13783.1287642
test_debug,118,1231422,4718578,0.002341,90.530000,0,13898.3120589
Setting learning rate to 0.004 at 1241478 backprops
test_debug,119,1241478,4758522,0.002253,90.880000,0,14013.083833
test_debug,120,1251475,4798525,0.001580,93.440000,0,14127.6207809
test_debug,121,1261459,4838482,0.001563,93.310000,0,14242.044162
test_debug,122,1271443,4878521,0.001524,93.630000,0,14356.4950659
test_debug,123,1281448,4918552,0.001523,93.510000,0,14471.1372321
test_debug,124,1291427,4958573,0.001490,93.710000,0,14587.587105
test_debug,125,1301361,4998639,0.001474,93.720000,0,14703.336221
test_debug,126,1311329,5038671,0.001452,93.680000,0,14817.6374331
test_debug,127,1321499,5078501,0.001418,93.870000,0,14934.0610681
test_debug,128,1331446,5118554,0.001488,93.810000,0,15050.0086269
test_debug,129,1341463,5158537,0.001465,93.720000,0,15164.5204999
test_debug,130,1351375,5198625,0.001496,93.640000,0,15278.6464431
test_debug,131,1361353,5238647,0.001520,93.710000,0,15395.033294
test_debug,132,1371412,5278588,0.001492,93.760000,0,15511.219959
test_debug,133,1381407,5318593,0.001530,93.740000,0,15626.3233659
test_debug,134,1391595,5358405,0.001447,93.710000,0,15743.0477421
test_debug,135,1401755,5398245,0.001449,93.970000,0,15858.1015751
test_debug,136,1411853,5438147,0.001452,93.840000,0,15972.7797751
test_debug,137,1421957,5478043,0.001466,93.900000,0,16087.563839
test_debug,138,1431905,5518095,0.001438,94.000000,0,16203.3793361
test_debug,139,1441869,5558131,0.001404,93.950000,0,16317.669039
test_debug,140,1451876,5598124,0.001461,93.840000,0,16432.1151199
test_debug,141,1461906,5638094,0.001416,94.470000,0,16546.7560961
test_debug,142,1471970,5678030,0.001495,93.730000,0,16661.423805
test_debug,143,1482082,5717903,0.001476,94.010000,0,16776.3142049
test_debug,144,1492270,5757730,0.001406,94.240000,0,16891.5130961
test_debug,145,1502281,5797719,0.001530,93.750000,0,17006.8826621
test_debug,146,1512286,5837714,0.001466,94.120000,0,17121.3576491
test_debug,147,1522142,5877799,0.001441,93.910000,0,17235.129117
test_debug,148,1532239,5917761,0.001532,93.970000,0,17349.9454291
test_debug,149,1542278,5957722,0.001495,93.870000,0,17464.520751
test_debug,150,1552222,5997778,0.001432,94.120000,0,17580.3312659
test_debug,151,1562074,6037926,0.001500,93.900000,0,17694.085222
test_debug,152,1572058,6077893,0.001441,94.060000,0,17808.4191351
test_debug,153,1581971,6118029,0.001453,93.800000,0,17922.4222
test_debug,154,1591878,6158122,0.001458,94.000000,0,18036.3828211
test_debug,155,1601953,6198047,0.001481,93.980000,0,18151.009567
test_debug,156,1611907,6238093,0.001472,94.020000,0,18266.8725131
test_debug,157,1621990,6278010,0.001452,94.030000,0,18383.284714
test_debug,158,1631960,6318040,0.001509,93.970000,0,18497.49616
Setting learning rate to 0.0008 at 1641988 backprops
test_debug,159,1641988,6358012,0.001477,94.020000,0,18612.015806
test_debug,160,1651967,6398033,0.001365,94.430000,0,18726.123775
test_debug,161,1661967,6438033,0.001335,94.480000,0,18840.942574
test_debug,162,1672043,6477957,0.001319,94.590000,0,18955.4989831
test_debug,163,1681896,6518104,0.001322,94.600000,0,19071.177171
test_debug,164,1691874,6558126,0.001303,94.640000,0,19185.3189001
test_debug,165,1701958,6598042,0.001322,94.640000,0,19299.910912
test_debug,166,1711773,6638227,0.001301,94.620000,0,19413.4011731
test_debug,167,1721843,6678157,0.001315,94.650000,0,19527.9365861
test_debug,168,1731862,6718138,0.001309,94.560000,0,19642.3244259
test_debug,169,1741833,6758167,0.001316,94.730000,0,19758.3774021
test_debug,170,1751767,6798233,0.001316,94.560000,0,19872.2840459
test_debug,171,1761930,6838070,0.001319,94.550000,0,19987.1963639
test_debug,172,1771889,6878111,0.001318,94.670000,0,20101.2031131
test_debug,173,1782098,6917902,0.001328,94.770000,0,20216.2431111
test_debug,174,1792044,6957956,0.001320,94.610000,0,20331.8605061
test_debug,175,1801987,6998013,0.001299,94.710000,0,20445.873399
test_debug,176,1811873,7038127,0.001279,94.810000,0,20559.5722001
test_debug,177,1821722,7078278,0.001278,94.930000,0,20673.126425
test_debug,178,1831677,7118323,0.001286,94.850000,0,20787.1797931
test_debug,179,1841586,7158414,0.001289,94.890000,0,20902.2907
test_debug,180,1851570,7198410,0.001276,94.870000,0,21016.489249
test_debug,181,1861714,7238286,0.001284,94.830000,0,21131.440217
test_debug,182,1871683,7278317,0.001297,94.790000,0,21245.6466861
test_debug,183,1881697,7318303,0.001293,94.860000,0,21360.070627
test_debug,184,1891759,7358241,0.001287,94.880000,0,21474.6767261
test_debug,185,1901801,7398199,0.001294,94.750000,0,21589.1749861
test_debug,186,1911913,7438036,0.001302,94.680000,0,21703.937187
test_debug,187,1921962,7478038,0.001309,94.610000,0,21818.4110951
test_debug,188,1932013,7517987,0.001298,94.640000,0,21934.403908
test_debug,189,1942184,7557816,0.001293,94.700000,0,22049.3886521
test_debug,190,1952142,7597858,0.001283,94.820000,0,22165.376296
test_debug,191,1961913,7638087,0.001280,94.790000,0,22278.7789841
test_debug,192,1971748,7678252,0.001285,94.850000,0,22392.4533961
test_debug,193,1981833,7718167,0.001283,94.780000,0,22507.104285
test_debug,194,1991873,7758127,0.001281,94.970000,0,22621.6135681
test_debug,195,2001801,7798199,0.001271,94.950000,0,22735.6486402
test_debug,196,2011896,7838104,0.001267,94.960000,0,22850.3697879
test_debug,197,2021945,7878055,0.001279,94.920000,0,22964.9631541
test_debug,198,2031905,7918095,0.001277,94.950000,0,23079.1332932
test_debug,199,2041977,7958023,0.001279,94.910000,0,23193.79758
