Namespace(batch_size=128, calculator='relative', cuda=True, cutout=True, data_augmentation=True, dataset='cifar10', epochs=200, forwardlr=True, fp_selector='alwayson', learning_rate=0.1, length=16, lr_sched='/users/ahjiang/src/Cutout/pytorch-cifar/data/config/sysml20//cifar10/lr_sched_cifar10_wideresnet', model='wideresnet', n_holes=1, no_cuda=False, output_dir='./logs', prob_pow=1, sb=True, seed=0, strategy='sb')
Files already downloaded and verified
Files already downloaded and verified
Setting learning rate to 0.1 at 128 backprops
test_debug,0,50000,0,0.011167,52.340000,0,298.370509863
test_debug,1,74960,24989,0.009210,57.500000,0,477.176383018
test_debug,2,99976,50024,0.009669,56.990000,0,657.406971931
test_debug,3,124808,75129,0.008055,62.500000,0,835.759474993
test_debug,4,149768,100158,0.006389,71.850000,0,1014.46316099
test_debug,5,174856,125110,0.006047,72.710000,0,1193.90702701
test_debug,6,199760,150240,0.005782,75.600000,0,1373.92729902
test_debug,7,224848,175089,0.007293,70.900000,0,1553.21197295
test_debug,8,249743,200257,0.005064,78.350000,0,1732.92284203
test_debug,9,274703,225238,0.004703,79.180000,0,1911.53288889
test_debug,10,299731,250269,0.006271,73.740000,0,2091.73407102
test_debug,11,324618,275382,0.007649,67.120000,0,2271.33286095
test_debug,12,349578,300381,0.003859,83.600000,0,2449.973068
test_debug,13,374722,325278,0.004228,81.650000,0,2629.51650906
test_debug,14,399406,350594,0.003596,84.420000,0,2808.88600183
test_debug,15,424343,375657,0.004305,81.930000,0,2989.56230283
test_debug,16,449353,400647,0.003847,83.300000,0,3169.60459185
test_debug,17,474367,425633,0.003868,82.970000,0,3349.76689792
test_debug,18,499306,450694,0.003998,82.630000,0,3530.21671987
test_debug,19,524053,475947,0.003242,85.870000,0,3709.30811286
test_debug,20,549121,500879,0.003364,85.380000,0,3888.31852889
test_debug,21,574081,525891,0.003188,86.470000,0,4066.87591887
test_debug,22,599021,550979,0.002987,87.020000,0,4245.47005892
test_debug,23,623971,576029,0.003247,85.560000,0,4426.13317704
test_debug,24,649025,600975,0.004502,80.800000,0,4606.83843899
test_debug,25,674082,625918,0.002842,88.010000,0,4787.73047686
test_debug,26,699086,650914,0.003036,87.170000,0,4967.81350589
test_debug,27,724046,675890,0.003466,85.410000,0,5146.54034686
test_debug,28,749197,700803,0.003377,85.580000,0,5326.21786594
test_debug,29,774285,725656,0.002811,87.730000,0,5505.56187105
test_debug,30,799117,750818,0.003694,84.580000,0,5683.70710802
test_debug,31,824158,775842,0.003049,86.570000,0,5864.38860297
test_debug,32,849118,800865,0.002703,88.240000,0,6043.35145402
test_debug,33,874076,825924,0.003147,86.230000,0,6224.2356329
test_debug,34,899087,850913,0.003035,87.530000,0,6404.52323794
test_debug,35,924175,875798,0.003383,86.320000,0,6583.84272504
test_debug,36,949007,900947,0.002797,88.370000,0,6762.06339288
test_debug,37,973967,925982,0.003041,87.010000,0,6940.7803669
test_debug,38,999112,950888,0.003042,87.260000,0,7121.44922495
test_debug,39,1024072,975903,0.002732,88.310000,0,7299.98738003
test_debug,40,1049032,1000893,0.002695,88.600000,0,7478.69323492
test_debug,41,1074050,1025950,0.002941,88.130000,0,7658.90226483
test_debug,42,1099199,1050801,0.002627,88.540000,0,7839.57054687
test_debug,43,1124112,1075888,0.002527,89.090000,0,8017.88965893
test_debug,44,1149072,1100926,0.002627,88.800000,0,8196.74517298
test_debug,45,1173999,1126001,0.002825,87.850000,0,8377.03948402
test_debug,46,1198959,1150977,0.003409,85.720000,0,8555.80525684
test_debug,47,1223887,1176113,0.002383,89.550000,0,8736.239115
test_debug,48,1248809,1201191,0.002548,89.170000,0,8916.41479397
test_debug,49,1273738,1226262,0.002562,89.310000,0,9094.96571994
test_debug,50,1298698,1251275,0.002695,88.700000,0,9273.63969684
test_debug,51,1323826,1276174,0.002936,87.790000,0,9454.01571298
test_debug,52,1348749,1301251,0.002575,89.030000,0,9634.316787
test_debug,53,1373952,1326048,0.002426,89.920000,0,9816.09900904
test_debug,54,1398962,1351038,0.004013,84.100000,0,9994.85372591
test_debug,55,1423738,1376262,0.002933,87.720000,0,10172.8852379
test_debug,56,1448748,1401252,0.002678,88.320000,0,10351.8295169
test_debug,57,1474042,1425958,0.002532,88.920000,0,10533.498539
test_debug,58,1499110,1450890,0.002226,90.540000,0,10712.4201438
Setting learning rate to 0.02 at 1524035 backprops
test_debug,59,1524035,1475965,0.002058,91.090000,0,10892.6175549
test_debug,60,1548940,1501060,0.001337,94.210000,0,11072.5919769
test_debug,61,1574001,1525999,0.001321,94.460000,0,11253.5928729
test_debug,62,1598892,1551108,0.001260,94.640000,0,11433.497123
test_debug,63,1623596,1576332,0.001264,94.610000,0,11611.094727
test_debug,64,1648728,1601272,0.001447,94.100000,0,11790.726038
test_debug,65,1673740,1626260,0.001368,94.350000,0,11970.962409
test_debug,66,1698770,1651230,0.001314,94.600000,0,12151.3877399
test_debug,67,1723730,1676247,0.001226,95.080000,0,12330.101001
test_debug,68,1748690,1701237,0.001350,94.470000,0,12508.567703
test_debug,69,1773650,1726323,0.001394,94.420000,0,12687.103873
test_debug,70,1798448,1751552,0.001376,94.470000,0,12865.137403
test_debug,71,1823383,1776617,0.001322,94.880000,0,13045.4633238
test_debug,72,1848407,1801593,0.001318,94.890000,0,13225.887784
test_debug,73,1873367,1826589,0.001336,94.740000,0,13404.663274
test_debug,74,1898183,1851817,0.001298,94.740000,0,13584.6459329
test_debug,75,1923015,1876963,0.001374,94.230000,0,13762.852416
test_debug,76,1947898,1902102,0.001360,94.610000,0,13941.289151
test_debug,77,1972954,1927046,0.001254,94.900000,0,14120.253453
test_debug,78,1998042,1951910,0.001472,94.370000,0,14299.3952539
test_debug,79,2023172,1976828,0.001402,94.680000,0,14479.783854
test_debug,80,2048004,2001994,0.001578,94.360000,0,14657.8094749
test_debug,81,2072923,2027077,0.001473,94.170000,0,14837.8182919
test_debug,82,2097828,2052172,0.001284,94.510000,0,15016.037113
test_debug,83,2122788,2077138,0.001411,94.560000,0,15194.686938
test_debug,84,2147620,2102342,0.001326,94.880000,0,15372.8546059
test_debug,85,2172551,2127449,0.001406,94.430000,0,15553.25016
test_debug,86,2197383,2152566,0.001491,94.420000,0,15731.489054
test_debug,87,2222457,2177543,0.001309,94.850000,0,15912.653451
test_debug,88,2247417,2202565,0.001775,93.320000,0,16091.2608531
test_debug,89,2272249,2227699,0.001341,94.540000,0,16269.363142
test_debug,90,2297183,2252817,0.001421,94.660000,0,16449.5386019
test_debug,91,2322243,2277757,0.001516,94.380000,0,16630.3394969
test_debug,92,2347269,2302731,0.001359,94.740000,0,16810.840167
test_debug,93,2372228,2327772,0.001362,94.610000,0,16991.348942
test_debug,94,2397234,2352766,0.001577,94.110000,0,17171.20186
test_debug,95,2422066,2377899,0.001624,93.690000,0,17349.2285619
test_debug,96,2447026,2402917,0.001499,94.280000,0,17527.7836909
test_debug,97,2472051,2427949,0.001708,93.790000,0,17708.365325
test_debug,98,2496964,2453036,0.001544,93.850000,0,17886.8966138
test_debug,99,2521990,2478010,0.001627,93.490000,0,18065.7190249
test_debug,100,2546950,2503039,0.001588,94.000000,0,18244.217308
test_debug,101,2571952,2528048,0.001484,94.310000,0,18423.128473
test_debug,102,2596976,2553024,0.001629,93.660000,0,18602.0225589
test_debug,103,2621976,2578024,0.001546,94.390000,0,18780.8924859
test_debug,104,2647004,2602996,0.001780,93.600000,0,18959.808825
test_debug,105,2671886,2628114,0.001497,94.330000,0,19138.307071
test_debug,106,2696550,2653450,0.001567,93.900000,0,19317.4308569
test_debug,107,2721458,2678542,0.001637,93.770000,0,19497.4454939
test_debug,108,2746392,2703608,0.001554,94.110000,0,19675.9977219
test_debug,109,2771350,2728650,0.001508,94.070000,0,19854.4337559
test_debug,110,2796438,2753514,0.001491,94.250000,0,20033.605402
test_debug,111,2821589,2778411,0.001613,94.280000,0,20213.121207
test_debug,112,2846506,2803494,0.001371,94.810000,0,20393.2133539
test_debug,113,2871466,2828461,0.001666,94.000000,0,20571.9693699
test_debug,114,2896252,2853748,0.001857,93.100000,0,20751.649179
test_debug,115,2921287,2878713,0.001514,94.480000,0,20932.275342
test_debug,116,2946242,2903758,0.001527,94.280000,0,21113.0351489
test_debug,117,2971161,2928839,0.001626,94.070000,0,21291.6250379
test_debug,118,2996227,2953773,0.001499,94.400000,0,21472.731508
Setting learning rate to 0.004 at 3021240 backprops
test_debug,119,3021240,2978760,0.001706,93.980000,0,21653.0442469
test_debug,120,3046118,3003882,0.001008,96.140000,0,21831.554472
test_debug,121,3071064,3028936,0.000976,96.240000,0,22010.2648699
test_debug,122,3095855,3054145,0.001006,96.450000,0,22188.335784
test_debug,123,3120815,3079145,0.000992,96.420000,0,22367.0710468
test_debug,124,3145519,3104411,0.001000,96.390000,0,22544.892951
test_debug,125,3170479,3129451,0.000993,96.560000,0,22723.8432729
test_debug,126,3195609,3154391,0.001011,96.560000,0,22903.6454759
test_debug,127,3220569,3179360,0.000987,96.570000,0,23082.5305588
test_debug,128,3245657,3204268,0.001024,96.560000,0,23261.942523
test_debug,129,3270745,3229236,0.001008,96.560000,0,23441.3006458
test_debug,130,3295705,3254286,0.001016,96.480000,0,23620.117137
test_debug,131,3320665,3279270,0.001055,96.600000,0,23798.851136
test_debug,132,3345717,3304283,0.001045,96.360000,0,23979.684612
test_debug,133,3370549,3329409,0.001022,96.690000,0,24157.7253749
test_debug,134,3395375,3354625,0.001040,96.550000,0,24337.8968968
test_debug,135,3420436,3379564,0.001027,96.560000,0,24516.87604
test_debug,136,3445268,3404725,0.001117,96.300000,0,24695.203773
test_debug,137,3470175,3429825,0.001071,96.420000,0,24873.801173
test_debug,138,3495191,3454809,0.001058,96.540000,0,25052.853122
test_debug,139,3520093,3479907,0.001016,96.480000,0,25231.2730179
test_debug,140,3544990,3505010,0.001077,96.410000,0,25409.652806
test_debug,141,3569900,3530100,0.001097,96.550000,0,25588.084657
test_debug,142,3594860,3555075,0.001081,96.420000,0,25766.76508
test_debug,143,3619941,3580059,0.001083,96.450000,0,25947.9923038
test_debug,144,3645029,3604896,0.001139,96.440000,0,26127.1896629
test_debug,145,3669959,3630041,0.001097,96.500000,0,26307.575665
test_debug,146,3694835,3655165,0.001062,96.470000,0,26485.9151719
test_debug,147,3719759,3680241,0.001118,96.490000,0,26664.4813199
test_debug,148,3744719,3705241,0.001108,96.420000,0,26843.18084
test_debug,149,3769652,3730348,0.001114,96.420000,0,27021.7812278
test_debug,150,3794600,3755400,0.001112,96.370000,0,27202.3803329
test_debug,151,3819688,3780235,0.001148,96.330000,0,27381.4986639
test_debug,152,3844575,3805425,0.001121,96.330000,0,27559.876157
test_debug,153,3869498,3830502,0.001160,96.330000,0,27738.384831
test_debug,154,3894458,3855478,0.001173,96.380000,0,27917.038121
test_debug,155,3919355,3880645,0.001212,96.220000,0,28095.4362359
test_debug,156,3944307,3905693,0.001193,96.380000,0,28276.12308
test_debug,157,3969346,3930654,0.001194,96.250000,0,28456.7366018
test_debug,158,3994434,3955530,0.001217,96.350000,0,28635.964916
Setting learning rate to 0.0008 at 4019467 backprops
test_debug,159,4019467,3980533,0.001177,96.350000,0,28814.9545979
test_debug,160,4044508,4005492,0.001085,96.610000,0,28993.959409
test_debug,161,4069468,4030477,0.001068,96.590000,0,29172.5873508
test_debug,162,4094428,4055549,0.001064,96.620000,0,29351.2264879
test_debug,163,4119318,4080682,0.001051,96.700000,0,29529.5704498
test_debug,164,4144150,4105826,0.001058,96.730000,0,29707.7442949
test_debug,165,4168971,4131029,0.001048,96.820000,0,29887.758975
test_debug,166,4194016,4155984,0.001056,96.790000,0,30066.8573699
test_debug,167,4218937,4181063,0.001053,96.650000,0,30247.1063859
test_debug,168,4243897,4206065,0.001065,96.720000,0,30425.908195
test_debug,169,4268857,4231079,0.001103,96.700000,0,30604.372185
test_debug,170,4293942,4256058,0.001060,96.760000,0,30785.707886
test_debug,171,4318895,4281105,0.001038,96.810000,0,30964.465189
test_debug,172,4343656,4306344,0.001042,96.680000,0,31142.476629
test_debug,173,4368488,4331462,0.001057,96.670000,0,31320.725148
test_debug,174,4393315,4356685,0.001039,96.790000,0,31498.9919639
test_debug,175,4418208,4381792,0.001041,96.820000,0,31677.4322019
test_debug,176,4443039,4406961,0.001041,96.810000,0,31855.6763458
test_debug,177,4467999,4431945,0.001033,96.860000,0,32034.4395449
test_debug,178,4492949,4457051,0.001055,96.820000,0,32213.153893
test_debug,179,4517909,4482063,0.001085,96.730000,0,32391.9129028
test_debug,180,4542923,4507077,0.001076,96.780000,0,32570.766712
test_debug,181,4567883,4532046,0.001071,96.750000,0,32749.5278208
test_debug,182,4592715,4557213,0.001083,96.810000,0,32927.8201749
test_debug,183,4617480,4582520,0.001058,96.810000,0,33105.632947
test_debug,184,4642397,4607603,0.001072,96.730000,0,33284.2454569
test_debug,185,4667342,4632658,0.001073,96.710000,0,33464.7539799
test_debug,186,4692302,4657643,0.001069,96.760000,0,33643.4179459
test_debug,187,4717509,4682491,0.001069,96.750000,0,33825.2456889
test_debug,188,4742515,4707485,0.001050,96.760000,0,34003.9830279
test_debug,189,4767436,4732564,0.001080,96.720000,0,34182.4845829
test_debug,190,4792444,4757556,0.001055,96.800000,0,34362.4017489
test_debug,191,4817276,4782652,0.001046,96.710000,0,34540.393847
test_debug,192,4841928,4808072,0.001061,96.690000,0,34717.846828
test_debug,193,4866760,4833175,0.001066,96.760000,0,34896.0931621
test_debug,194,4891720,4858267,0.001062,96.890000,0,35074.9885049
test_debug,195,4916727,4883273,0.001070,96.720000,0,35316.648531
test_debug,196,4941918,4908082,0.001047,96.770000,0,35496.2644699
test_debug,197,4966825,4933175,0.001077,96.700000,0,35674.750828
test_debug,198,4991865,4958135,0.001050,96.830000,0,35853.7190049
test_debug,199,5016760,4983240,0.001093,96.760000,0,36032.236644
