Namespace(batch_size=128, calculator='relative', cuda=True, cutout=True, data_augmentation=True, dataset='cifar10', epochs=200, forwardlr=True, fp_selector='alwayson', learning_rate=0.1, length=16, lr_sched='/users/ahjiang/src/Cutout/pytorch-cifar/data/config/sysml20//cifar10/lr_sched_cifar10_wideresnet', model='wideresnet', n_holes=1, no_cuda=False, output_dir='./logs', prob_pow=2, sb=True, seed=0, strategy='sb')
Files already downloaded and verified
Files already downloaded and verified
Setting learning rate to 0.1 at 128 backprops
test_debug,0,50000,0,0.011227,50.800000,0,298.197695017
test_debug,1,66614,33386,0.009373,57.660000,0,443.927809
test_debug,2,83164,66836,0.010348,53.360000,0,588.746714115
test_debug,3,99676,100263,0.008740,63.290000,0,732.188832045
test_debug,4,116316,133615,0.008289,63.330000,0,876.39309001
test_debug,5,132857,167143,0.010741,52.660000,0,1021.12159514
test_debug,6,149403,200597,0.008159,64.520000,0,1165.76554203
test_debug,7,166090,233910,0.007470,67.030000,0,1311.21119213
test_debug,8,182800,267200,0.007286,68.770000,0,1457.06651402
test_debug,9,199338,300662,0.006736,69.550000,0,1601.70687199
test_debug,10,215948,334052,0.005455,77.500000,0,1747.45722008
test_debug,11,232588,367366,0.005323,77.690000,0,1891.832304
test_debug,12,249145,400855,0.005792,74.060000,0,2036.87039495
test_debug,13,265717,434283,0.004969,79.300000,0,2182.07888794
test_debug,14,282449,467551,0.004385,81.560000,0,2328.28239703
test_debug,15,299265,500735,0.004375,81.110000,0,2474.09725499
test_debug,16,315957,534043,0.004672,78.950000,0,2619.62575197
test_debug,17,332631,567369,0.004058,82.090000,0,2763.94574308
test_debug,18,349345,600655,0.004287,81.580000,0,2909.70199704
test_debug,19,365985,633968,0.003974,83.400000,0,3053.79943013
test_debug,20,382497,667440,0.003876,82.940000,0,3197.18816996
test_debug,21,399235,700765,0.004122,81.580000,0,3341.54011798
test_debug,22,415918,734082,0.003405,85.100000,0,3486.71975493
test_debug,23,432558,767409,0.003369,85.300000,0,3630.66847301
test_debug,24,449265,800735,0.003114,86.440000,0,3776.39775205
test_debug,25,465761,834239,0.003080,86.560000,0,3921.53962398
test_debug,26,482344,867656,0.003300,85.900000,0,4066.75448394
test_debug,27,498933,901067,0.003465,85.370000,0,4211.94514012
test_debug,28,515425,934575,0.003134,86.210000,0,4357.29000401
test_debug,29,532031,967969,0.003318,85.890000,0,4502.98529196
test_debug,30,548638,1001362,0.003109,86.720000,0,4648.58408809
test_debug,31,565378,1034622,0.002910,87.220000,0,4794.92144513
test_debug,32,582007,1067993,0.002870,87.090000,0,4940.98874998
test_debug,33,598640,1101360,0.003069,86.510000,0,5087.06209612
test_debug,34,615280,1134641,0.002779,88.030000,0,5231.19851899
test_debug,35,631956,1168044,0.003382,85.720000,0,5376.47780108
test_debug,36,648378,1201622,0.003825,83.080000,0,5519.72225904
test_debug,37,665018,1234940,0.003027,86.860000,0,5663.82658505
test_debug,38,681786,1268140,0.003119,86.500000,0,5808.49361396
test_debug,39,698426,1301521,0.002926,87.380000,0,5952.65881205
test_debug,40,715009,1334991,0.002469,88.930000,0,6096.5266881
test_debug,41,731521,1368415,0.002402,89.440000,0,6240.06451797
test_debug,42,748006,1401994,0.002715,88.310000,0,6385.37034607
test_debug,43,764710,1435290,0.002883,87.580000,0,6531.16416407
test_debug,44,781284,1468716,0.002904,87.820000,0,6676.39836407
test_debug,45,797853,1502147,0.002945,87.070000,0,6821.4591701
test_debug,46,814527,1535473,0.002537,88.670000,0,6965.75295401
test_debug,47,831210,1568790,0.002814,87.950000,0,7110.08302212
test_debug,48,847978,1602001,0.002560,89.040000,0,7254.68170404
test_debug,49,864781,1635219,0.003106,87.010000,0,7400.54085994
test_debug,50,881526,1668474,0.002426,89.040000,0,7546.97242904
test_debug,51,898205,1701795,0.002548,88.790000,0,7692.14775395
test_debug,52,914841,1735159,0.002477,89.420000,0,7838.14797211
test_debug,53,931609,1768356,0.002459,89.900000,0,7982.85133004
test_debug,54,948374,1801626,0.002702,88.160000,0,8129.61131811
test_debug,55,964996,1835004,0.002323,90.120000,0,8275.90883613
test_debug,56,981636,1868342,0.002316,89.830000,0,8420.02027011
test_debug,57,998148,1901823,0.002450,89.580000,0,8563.60943508
test_debug,58,1014783,1935217,0.002365,89.870000,0,8709.67559814
Setting learning rate to 0.02 at 1031490 backprops
test_debug,59,1031490,1968510,0.002766,87.460000,0,8853.98527598
test_debug,60,1048094,2001906,0.001339,94.090000,0,8998.05063701
test_debug,61,1064731,2035269,0.001365,94.070000,0,9142.21031094
test_debug,62,1081352,2068648,0.001352,94.210000,0,9288.07688713
test_debug,63,1097927,2102073,0.001273,94.760000,0,9433.2619071
test_debug,64,1114556,2135444,0.001271,94.630000,0,9577.17927814
test_debug,65,1131324,2168676,0.001324,94.290000,0,9721.71684003
test_debug,66,1148082,2201918,0.001253,94.580000,0,9868.24559498
test_debug,67,1164722,2235234,0.001361,94.460000,0,10012.2834711
test_debug,68,1181444,2268556,0.001401,94.530000,0,10158.211447
test_debug,69,1198052,2301948,0.001408,94.220000,0,10303.8671169
test_debug,70,1214756,2335244,0.001396,94.410000,0,10448.2358251
test_debug,71,1231351,2368649,0.001365,94.430000,0,10593.7631409
test_debug,72,1247991,2401933,0.001388,94.540000,0,10737.864068
test_debug,73,1264631,2435313,0.001425,94.240000,0,10882.013382
test_debug,74,1281353,2468647,0.001321,94.780000,0,11026.5116601
test_debug,75,1297893,2502107,0.001458,94.660000,0,11171.085012
test_debug,76,1314503,2535497,0.001431,94.690000,0,11315.1743131
test_debug,77,1331143,2568850,0.001622,93.760000,0,11459.309231
test_debug,78,1347816,2602184,0.001516,94.150000,0,11604.579402
test_debug,79,1364390,2635610,0.001486,94.150000,0,11748.4371521
test_debug,80,1380957,2669043,0.001469,94.170000,0,11893.570281
test_debug,81,1397688,2702312,0.001451,94.580000,0,12039.801194
test_debug,82,1414260,2735740,0.001373,94.810000,0,12183.746156
test_debug,83,1430828,2769172,0.001398,94.570000,0,12328.8158
test_debug,84,1447426,2802574,0.001574,94.150000,0,12474.469579
test_debug,85,1464245,2835755,0.001631,93.620000,0,12620.608484
test_debug,86,1480828,2869172,0.001346,94.540000,0,12764.4445331
test_debug,87,1497466,2902534,0.001420,94.430000,0,12910.5875711
test_debug,88,1514038,2935962,0.001683,93.860000,0,13054.4790959
test_debug,89,1530771,2969229,0.001445,94.290000,0,13200.721781
test_debug,90,1547316,3002684,0.001817,93.160000,0,13344.5298021
test_debug,91,1563806,3036194,0.001348,94.930000,0,13489.887784
test_debug,92,1580415,3069585,0.001424,94.640000,0,13635.7591491
test_debug,93,1597014,3102986,0.001361,94.650000,0,13781.3764901
test_debug,94,1613850,3136150,0.001332,94.760000,0,13927.750442
test_debug,95,1630362,3169591,0.001418,94.670000,0,14071.3553951
test_debug,96,1646990,3203010,0.001457,94.680000,0,14217.4720521
test_debug,97,1663563,3236437,0.001496,94.400000,0,14362.4684541
test_debug,98,1680297,3269703,0.001415,94.660000,0,14506.9635801
test_debug,99,1696937,3302986,0.001489,94.360000,0,14651.0930409
test_debug,100,1713577,3336383,0.001442,94.650000,0,14795.257854
test_debug,101,1730257,3369743,0.001603,94.210000,0,14940.4266431
test_debug,102,1746840,3403160,0.001520,94.220000,0,15084.3593261
test_debug,103,1763385,3436615,0.001495,94.300000,0,15227.9347141
test_debug,104,1780003,3469997,0.001495,94.400000,0,15371.808552
test_debug,105,1796580,3503420,0.001594,94.210000,0,15517.0943701
test_debug,106,1813068,3536932,0.001429,94.410000,0,15662.4174361
test_debug,107,1829636,3570364,0.001705,93.830000,0,15806.2620041
test_debug,108,1846451,3603549,0.001649,94.170000,0,15950.9715281
test_debug,109,1863091,3636880,0.001525,94.230000,0,16095.028152
test_debug,110,1879731,3670232,0.001546,93.950000,0,16239.0280881
test_debug,111,1896595,3703405,0.001535,94.550000,0,16384.0953181
test_debug,112,1913308,3736692,0.001430,94.810000,0,16529.9116001
test_debug,113,1929982,3770018,0.001579,94.020000,0,16674.117938
test_debug,114,1946589,3803411,0.001480,94.480000,0,16817.9438751
test_debug,115,1963043,3836957,0.001530,94.400000,0,16961.131063
test_debug,116,1979683,3870308,0.001564,94.570000,0,17105.2228251
test_debug,117,1996323,3903619,0.001563,94.150000,0,17249.0704901
test_debug,118,2013009,3936991,0.001518,94.540000,0,17394.2794681
Setting learning rate to 0.004 at 2029563 backprops
test_debug,119,2029563,3970437,0.001699,94.080000,0,17539.1156321
test_debug,120,2046203,4003740,0.001081,95.970000,0,17682.9375072
test_debug,121,2062843,4037080,0.001053,96.220000,0,17826.8119459
test_debug,122,2079579,4070421,0.001097,96.230000,0,17971.2453291
test_debug,123,2096091,4103907,0.001089,96.200000,0,18114.6857569
test_debug,124,2112632,4137368,0.001104,96.300000,0,18258.3174989
test_debug,125,2129224,4170776,0.001104,96.280000,0,18402.166563
test_debug,126,2145930,4204070,0.001128,96.240000,0,18548.000592
test_debug,127,2162472,4237528,0.001136,96.240000,0,18692.431886
test_debug,128,2179167,4270833,0.001157,96.240000,0,18836.600224
test_debug,129,2195807,4304152,0.001163,96.150000,0,18980.4636281
test_debug,130,2212402,4337598,0.001143,96.210000,0,19124.1119201
test_debug,131,2229162,4370838,0.001147,96.350000,0,19270.5082381
test_debug,132,2245802,4404191,0.001108,96.320000,0,19414.3544061
test_debug,133,2262408,4437592,0.001229,95.910000,0,19558.0669689
test_debug,134,2279031,4470969,0.001146,96.340000,0,19703.9666941
test_debug,135,2295745,4504255,0.001206,96.190000,0,19848.191066
test_debug,136,2312177,4537823,0.001199,96.400000,0,19991.385128
test_debug,137,2328909,4571091,0.001189,96.080000,0,20135.777842
test_debug,138,2345399,4604601,0.001163,96.250000,0,20279.1643791
test_debug,139,2361962,4638038,0.001213,96.300000,0,20422.9146001
test_debug,140,2378602,4671360,0.001204,96.140000,0,20566.850281
test_debug,141,2395233,4704767,0.001216,96.260000,0,20712.7468801
test_debug,142,2411796,4738204,0.001144,96.280000,0,20856.5337629
test_debug,143,2428410,4771590,0.001217,96.230000,0,21000.332042
test_debug,144,2444994,4805006,0.001214,96.000000,0,21145.375128
test_debug,145,2461634,4838308,0.001174,96.470000,0,21289.250005
test_debug,146,2478387,4871613,0.001180,96.270000,0,21435.5258369
test_debug,147,2494999,4905001,0.001178,96.350000,0,21579.452024
test_debug,148,2511550,4938450,0.001210,96.250000,0,21723.13922
test_debug,149,2528269,4971731,0.001241,96.150000,0,21869.0629749
test_debug,150,2545077,5004923,0.001185,96.360000,0,22013.5809531
test_debug,151,2561708,5038292,0.001202,96.110000,0,22157.504936
test_debug,152,2578253,5071747,0.001186,96.270000,0,22301.0874012
test_debug,153,2594765,5105202,0.001228,96.050000,0,22444.5146921
test_debug,154,2611380,5138620,0.001243,96.340000,0,22590.2566299
test_debug,155,2628068,5171932,0.001247,96.330000,0,22734.4643531
test_debug,156,2644648,5205352,0.001253,96.310000,0,22878.3381979
test_debug,157,2661369,5238631,0.001198,96.380000,0,23024.2979321
test_debug,158,2678095,5271905,0.001253,96.250000,0,23168.7233391
Setting learning rate to 0.0008 at 2694735 backprops
test_debug,159,2694735,5305259,0.001262,96.360000,0,23312.7160339
test_debug,160,2711503,5338452,0.001191,96.450000,0,23457.286216
test_debug,161,2728192,5371808,0.001158,96.510000,0,23602.695703
test_debug,162,2744822,5405178,0.001156,96.610000,0,23746.7376251
test_debug,163,2761462,5438463,0.001166,96.470000,0,23890.784862
test_debug,164,2778211,5471789,0.001179,96.490000,0,24035.2234859
test_debug,165,2794912,5505088,0.001162,96.540000,0,24179.7165241
test_debug,166,2811595,5538405,0.001178,96.380000,0,24324.0806491
test_debug,167,2828107,5571850,0.001163,96.450000,0,24467.715853
test_debug,168,2844794,5605206,0.001172,96.490000,0,24612.16308
test_debug,169,2861370,5638630,0.001160,96.610000,0,24756.068541
test_debug,170,2878010,5671979,0.001193,96.440000,0,24900.2421761
test_debug,171,2894611,5705389,0.001182,96.370000,0,25045.9438901
test_debug,172,2911071,5738929,0.001176,96.510000,0,25190.8398089
test_debug,173,2927827,5772173,0.001167,96.570000,0,25335.385916
test_debug,174,2944404,5805596,0.001149,96.580000,0,25479.241766
test_debug,175,2961023,5838977,0.001161,96.580000,0,25625.135335
test_debug,176,2977822,5872178,0.001181,96.530000,0,25770.943573
test_debug,177,2994440,5905560,0.001171,96.610000,0,25914.9849219
test_debug,178,3011080,5938881,0.001174,96.630000,0,26059.1481001
test_debug,179,3027720,5972231,0.001174,96.630000,0,26203.0671501
test_debug,180,3044421,6005579,0.001181,96.460000,0,26347.446166
test_debug,181,3061025,6038975,0.001197,96.520000,0,26491.4334371
test_debug,182,3077646,6072354,0.001188,96.610000,0,26635.4322481
test_debug,183,3094122,6105878,0.001163,96.660000,0,26778.6853921
test_debug,184,3110890,6139081,0.001168,96.570000,0,26923.364512
test_debug,185,3127484,6172516,0.001168,96.750000,0,27067.239893
test_debug,186,3143990,6206010,0.001192,96.690000,0,27212.7952681
test_debug,187,3160467,6239533,0.001187,96.610000,0,27356.3553431
test_debug,188,3177064,6272936,0.001178,96.720000,0,27502.0210211
test_debug,189,3193556,6306444,0.001174,96.550000,0,27645.4085891
test_debug,190,3210324,6339627,0.001156,96.700000,0,27790.052736
test_debug,191,3226941,6373059,0.001160,96.630000,0,27934.0729191
test_debug,192,3243579,6406421,0.001194,96.510000,0,28077.996496
test_debug,193,3260313,6439687,0.001197,96.560000,0,28222.508297
test_debug,194,3276910,6473090,0.001206,96.650000,0,28366.316505
test_debug,195,3293511,6506489,0.001183,96.500000,0,28510.2457871
test_debug,196,3310023,6539940,0.001177,96.580000,0,28653.5612521
test_debug,197,3326694,6573306,0.001187,96.540000,0,28797.6532919
test_debug,198,3343206,6606775,0.001205,96.640000,0,28941.061332
test_debug,199,3359846,6640076,0.001213,96.540000,0,29084.9360001
