Namespace(batch_size=128, calculator='random', cuda=True, cutout=True, data_augmentation=True, dataset='cifar10', epochs=200, forwardlr=True, fp_selector='alwayson', learning_rate=0.1, length=16, lr_sched='/users/ahjiang/src/Cutout/pytorch-cifar/data/config/sysml20//cifar10/lr_sched_cifar10_wideresnet', model='wideresnet', n_holes=1, no_cuda=False, output_dir='./logs', prob_pow=2, sb=True, seed=0, strategy='sb')
Files already downloaded and verified
Files already downloaded and verified
Setting learning rate to 0.1 at 128 backprops
test_debug,0,50000,0,0.011777,50.460000,0,299.625440836
test_debug,1,66725,33275,0.012615,51.410000,0,444.411774874
test_debug,2,83340,66660,0.010569,56.580000,0,588.913017988
test_debug,3,100073,99927,0.010010,59.650000,0,733.79366684
test_debug,4,116813,133187,0.007565,66.590000,0,878.897547007
test_debug,5,133446,166554,0.010228,59.800000,0,1023.65072989
test_debug,6,150323,199677,0.009443,61.880000,0,1169.27612686
test_debug,7,167060,232940,0.006883,70.220000,0,1314.1556499
test_debug,8,183726,266274,0.008398,64.000000,0,1457.90300798
test_debug,9,200262,299738,0.010462,59.480000,0,1601.05218697
test_debug,10,216865,333135,0.008989,66.080000,0,1745.35298181
test_debug,11,233723,366277,0.006803,70.460000,0,1890.7260859
test_debug,12,250485,399515,0.006156,74.510000,0,2036.01400685
test_debug,13,267302,432698,0.006644,72.070000,0,2180.77024889
test_debug,14,283748,466252,0.005366,76.570000,0,2324.04850197
test_debug,15,300435,499565,0.005909,75.610000,0,2468.09870982
test_debug,16,317329,532671,0.004861,78.980000,0,2613.99975801
test_debug,17,334184,565816,0.005945,75.200000,0,2759.35958195
test_debug,18,350751,599249,0.008841,64.880000,0,2903.06286001
test_debug,19,367432,632568,0.005646,76.110000,0,3047.13255596
test_debug,20,384025,665975,0.008659,67.620000,0,3191.23674202
test_debug,21,400793,699198,0.005024,79.270000,0,3334.59972286
test_debug,22,417500,732500,0.005978,75.890000,0,3479.13709283
test_debug,23,434250,765750,0.005749,75.700000,0,3624.20249987
test_debug,24,451047,798953,0.005973,75.650000,0,3768.39660287
test_debug,25,467551,832449,0.004372,81.720000,0,3912.41079903
test_debug,26,484172,865828,0.007342,71.970000,0,4054.93261099
test_debug,27,501006,898994,0.005366,77.320000,0,4199.79270291
test_debug,28,517602,932398,0.005908,75.300000,0,4343.82766891
test_debug,29,534365,965635,0.003760,83.670000,0,4488.97863197
test_debug,30,551131,998869,0.004964,79.810000,0,4632.1994369
test_debug,31,567643,1032290,0.005412,78.170000,0,4774.35006094
test_debug,32,584085,1065915,0.004971,80.040000,0,4917.4963448
test_debug,33,600580,1099420,0.004213,82.280000,0,5061.354918
test_debug,34,617165,1132835,0.005443,78.260000,0,5205.16454482
test_debug,35,633745,1166255,0.003869,82.950000,0,5349.02944589
test_debug,36,650331,1199669,0.004189,82.710000,0,5492.96858501
test_debug,37,667018,1232982,0.003913,83.640000,0,5635.77747703
test_debug,38,683908,1266092,0.004497,80.680000,0,5779.47113681
test_debug,39,700780,1299220,0.005325,78.810000,0,5925.02632689
test_debug,40,717420,1332509,0.004555,81.010000,0,6067.72581983
test_debug,41,734285,1365715,0.004982,80.450000,0,6211.45507789
test_debug,42,751038,1398962,0.005676,78.350000,0,6356.59567785
test_debug,43,767654,1432346,0.004425,81.790000,0,6499.130018
test_debug,44,784283,1465717,0.005595,78.840000,0,6643.66434503
test_debug,45,800923,1499013,0.004869,80.290000,0,6786.16620684
test_debug,46,817505,1532495,0.004525,80.940000,0,6929.89972496
test_debug,47,834145,1565855,0.005046,79.740000,0,7072.50934196
test_debug,48,850913,1599032,0.004017,83.960000,0,7215.66984391
test_debug,49,867553,1632393,0.004331,81.890000,0,7358.30342388
test_debug,50,884398,1665602,0.004081,83.080000,0,7503.28710794
test_debug,51,901166,1698814,0.003486,85.080000,0,7646.35070896
test_debug,52,917806,1732163,0.003676,84.840000,0,7788.90379286
test_debug,53,934318,1765673,0.003905,84.210000,0,7930.97469091
test_debug,54,950864,1799136,0.005293,78.380000,0,8074.24710894
test_debug,55,967504,1832437,0.004798,80.690000,0,8216.817379
test_debug,56,984139,1865861,0.003724,84.440000,0,8359.41800594
test_debug,57,1000892,1899108,0.003702,84.240000,0,8502.5346458
test_debug,58,1017404,1932576,0.003979,82.500000,0,8644.63408089
Setting learning rate to 0.02 at 1034076 backprops
test_debug,59,1034076,1965924,0.004440,80.710000,0,8788.35674882
test_debug,60,1050676,1999324,0.002114,90.650000,0,8932.50493598
test_debug,61,1067158,2032842,0.001911,91.640000,0,9076.3468399
test_debug,62,1083718,2066282,0.001918,91.900000,0,9219.86116886
test_debug,63,1100321,2099679,0.001970,91.640000,0,9362.48616099
test_debug,64,1116958,2133042,0.001842,92.050000,0,9507.25422287
test_debug,65,1133598,2166326,0.001945,91.520000,0,9649.938586
test_debug,66,1150220,2199780,0.001803,92.210000,0,9792.53208899
test_debug,67,1166936,2233064,0.001829,91.980000,0,9937.10163879
test_debug,68,1183787,2266213,0.001897,91.910000,0,10082.301636
test_debug,69,1200386,2299614,0.001836,92.090000,0,10224.7881608
test_debug,70,1217023,2332977,0.001807,92.190000,0,10367.5174658
test_debug,71,1233663,2366304,0.001944,91.890000,0,10510.1852388
test_debug,72,1250460,2399540,0.001995,91.630000,0,10653.608829
test_debug,73,1267280,2432720,0.001933,91.770000,0,10798.3042929
test_debug,74,1283956,2466044,0.001944,92.020000,0,10942.1566548
test_debug,75,1300671,2499329,0.001799,92.250000,0,11086.691278
test_debug,76,1316927,2533029,0.001922,91.840000,0,11227.789084
test_debug,77,1333823,2566150,0.001837,92.200000,0,11371.5054018
test_debug,78,1350462,2599538,0.002021,91.600000,0,11516.310091
test_debug,79,1367139,2632861,0.001836,92.560000,0,11660.2142098
test_debug,80,1383907,2666080,0.002041,91.580000,0,11803.4872649
test_debug,81,1400652,2699348,0.002032,91.530000,0,11948.613982
test_debug,82,1417217,2732783,0.001953,91.980000,0,12092.3850658
test_debug,83,1433830,2766170,0.001781,92.650000,0,12236.8367279
test_debug,84,1450470,2799525,0.002100,91.480000,0,12379.6287348
test_debug,85,1467038,2832962,0.001844,92.330000,0,12523.4538858
test_debug,86,1483772,2866228,0.001795,92.550000,0,12668.3563349
test_debug,87,1500509,2899491,0.002117,91.130000,0,12811.408386
test_debug,88,1517074,2932926,0.001899,91.910000,0,12953.8365469
test_debug,89,1533765,2966235,0.002211,91.000000,0,13098.0042419
test_debug,90,1550554,2999446,0.002199,91.000000,0,13242.1379719
test_debug,91,1567114,3032886,0.001951,91.850000,0,13384.53144
test_debug,92,1583866,3066134,0.002054,91.850000,0,13529.5978179
test_debug,93,1600434,3099566,0.002161,91.240000,0,13671.9746799
test_debug,94,1617202,3132722,0.002172,91.260000,0,13815.0995169
test_debug,95,1633897,3166103,0.001954,92.190000,0,13958.1154778
test_debug,96,1650759,3199241,0.002022,92.020000,0,14101.8013389
test_debug,97,1667586,3232414,0.001975,92.260000,0,14246.53262
test_debug,98,1684226,3265696,0.001852,92.220000,0,14389.1989388
test_debug,99,1700939,3299061,0.001897,92.550000,0,14532.192013
test_debug,100,1717323,3332675,0.001869,92.020000,0,14673.8508358
test_debug,101,1734089,3365911,0.002423,90.820000,0,14817.1423059
test_debug,102,1750804,3399196,0.002030,91.410000,0,14960.1506588
test_debug,103,1767442,3432558,0.002093,91.770000,0,15102.9773078
test_debug,104,1784053,3465947,0.002184,91.290000,0,15247.4180708
test_debug,105,1800565,3499418,0.002228,90.800000,0,15389.6155629
test_debug,106,1817307,3532693,0.002102,91.540000,0,15534.684099
test_debug,107,1834203,3565753,0.001805,92.410000,0,15678.5311089
test_debug,108,1850805,3599195,0.002102,92.030000,0,15821.1924388
test_debug,109,1867406,3632594,0.002018,91.850000,0,15965.4892268
test_debug,110,1883872,3666128,0.001877,92.230000,0,16109.101938
test_debug,111,1900512,3699410,0.001837,92.520000,0,16251.846071
test_debug,112,1917254,3732746,0.002102,91.490000,0,16395.063082
test_debug,113,1933933,3766067,0.001985,91.920000,0,16538.9719479
test_debug,114,1950550,3799450,0.002101,91.240000,0,16681.6288109
test_debug,115,1967288,3832712,0.001933,92.430000,0,16824.6629639
test_debug,116,1983793,3866207,0.001656,93.480000,0,16966.7945268
test_debug,117,2000477,3899523,0.001925,92.360000,0,17110.8557508
test_debug,118,2017156,3932844,0.002036,91.650000,0,17253.7460928
Setting learning rate to 0.004 at 2033668 backprops
test_debug,119,2033668,3966286,0.001948,91.670000,0,17395.9121399
test_debug,120,2050362,3999638,0.001294,94.660000,0,17540.080889
test_debug,121,2067002,4032925,0.001296,94.710000,0,17682.7818379
test_debug,122,2083642,4066298,0.001222,94.820000,0,17825.4535758
test_debug,123,2100248,4099752,0.001222,94.900000,0,17967.9060659
test_debug,124,2116888,4133071,0.001176,95.270000,0,18110.537514
test_debug,125,2133686,4166314,0.001191,94.910000,0,18254.788187
test_debug,126,2150438,4199562,0.001209,95.130000,0,18397.8878138
test_debug,127,2167005,4232995,0.001181,95.210000,0,18540.3015459
test_debug,128,2183748,4266252,0.001186,95.250000,0,18683.3120098
test_debug,129,2200619,4299381,0.001227,95.080000,0,18826.8372798
test_debug,130,2217294,4332706,0.001167,95.280000,0,18970.531395
test_debug,131,2234018,4365982,0.001176,95.370000,0,19113.463537
test_debug,132,2250638,4399362,0.001172,95.230000,0,19257.8737259
test_debug,133,2267379,4432621,0.001202,95.060000,0,19400.9169919
test_debug,134,2283976,4466024,0.001252,94.920000,0,19543.3192668
test_debug,135,2300397,4499603,0.001317,94.830000,0,19685.0691979
test_debug,136,2317094,4532906,0.001189,95.260000,0,19829.2728879
test_debug,137,2333668,4566332,0.001180,95.370000,0,19971.532552
test_debug,138,2350236,4599764,0.001199,95.250000,0,20113.8908019
test_debug,139,2367093,4632907,0.001200,95.440000,0,20257.3885639
test_debug,140,2383667,4666333,0.001182,95.410000,0,20399.6702678
test_debug,141,2400423,4699577,0.001166,95.220000,0,20544.736274
test_debug,142,2417044,4732956,0.001221,95.320000,0,20687.26612
test_debug,143,2433940,4766046,0.001222,95.250000,0,20830.6928148
test_debug,144,2450565,4799435,0.001260,95.300000,0,20973.152915
test_debug,145,2467402,4832598,0.001208,95.200000,0,21118.038434
test_debug,146,2484100,4865900,0.001274,95.200000,0,21260.8870909
test_debug,147,2500868,4899065,0.001220,95.230000,0,21404.0695109
test_debug,148,2517531,4932469,0.001193,95.380000,0,21547.6760108
test_debug,149,2534296,4965704,0.001199,95.330000,0,21690.7730489
test_debug,150,2550929,4999071,0.001286,95.050000,0,21833.3463268
test_debug,151,2567524,5032476,0.001189,95.400000,0,21975.8321459
test_debug,152,2584113,5065887,0.001230,95.460000,0,22118.3132648
test_debug,153,2600743,5099257,0.001223,95.360000,0,22262.99893
test_debug,154,2617437,5132563,0.001229,95.260000,0,22405.9745848
test_debug,155,2633799,5166201,0.001184,95.460000,0,22549.448231
test_debug,156,2650643,5199357,0.001159,95.570000,0,22693.1528158
test_debug,157,2667342,5232658,0.001236,95.340000,0,22836.2090559
test_debug,158,2684077,5265923,0.001310,95.080000,0,22981.0435019
Setting learning rate to 0.0008 at 2700684 backprops
test_debug,159,2700684,5299316,0.001259,95.410000,0,23123.56687
test_debug,160,2717324,5332644,0.001166,95.610000,0,23266.2933989
test_debug,161,2734140,5365860,0.001148,95.760000,0,23409.8230009
test_debug,162,2750780,5399201,0.001134,95.730000,0,23552.635746
test_debug,163,2767591,5432409,0.001105,95.780000,0,23697.2522159
test_debug,164,2784266,5465734,0.001120,95.640000,0,23840.2117429
test_debug,165,2800974,5499026,0.001145,95.860000,0,23983.321208
test_debug,166,2817442,5532558,0.001121,95.680000,0,24125.3710129
test_debug,167,2834066,5565934,0.001105,95.930000,0,24268.061615
test_debug,168,2850878,5599122,0.001104,95.870000,0,24411.569335
test_debug,169,2867626,5632374,0.001108,95.820000,0,24554.797771
test_debug,170,2884467,5665533,0.001119,95.950000,0,24698.404707
test_debug,171,2901107,5698870,0.001130,95.830000,0,24841.157877
test_debug,172,2917800,5732200,0.001127,95.920000,0,24984.1884089
test_debug,173,2934397,5765603,0.001095,95.940000,0,25126.7503738
test_debug,174,2950819,5799181,0.001116,95.770000,0,25269.6122658
test_debug,175,2967514,5832486,0.001125,95.790000,0,25412.5639229
test_debug,176,2984026,5865966,0.001095,95.920000,0,25554.702035
test_debug,177,3000857,5899143,0.001108,95.870000,0,25699.5571949
test_debug,178,3017497,5932465,0.001120,95.760000,0,25842.198489
test_debug,179,3034096,5965904,0.001112,95.900000,0,25984.7184029
test_debug,180,3050722,5999278,0.001111,95.870000,0,26129.2071688
test_debug,181,3067362,6032582,0.001112,95.980000,0,26271.8550479
test_debug,182,3084178,6065822,0.001104,95.980000,0,26415.1770759
test_debug,183,3100943,6099057,0.001099,95.820000,0,26558.4048259
test_debug,184,3117486,6132514,0.001102,95.880000,0,26701.5798068
test_debug,185,3134203,6165797,0.001111,95.840000,0,26844.658617
test_debug,186,3150815,6199185,0.001144,95.890000,0,26987.3138599
test_debug,187,3167432,6232568,0.001116,95.910000,0,27129.8494508
test_debug,188,3183993,6266007,0.001089,95.960000,0,27272.2654669
test_debug,189,3200551,6299449,0.001083,95.920000,0,27415.704999
test_debug,190,3217406,6332594,0.001087,95.990000,0,27559.3589299
test_debug,191,3234018,6365982,0.001111,95.860000,0,27701.9555058
test_debug,192,3250658,6399269,0.001123,95.950000,0,27844.6673849
test_debug,193,3267476,6432524,0.001134,95.910000,0,27989.345228
test_debug,194,3284145,6465855,0.001132,95.880000,0,28132.2766619
test_debug,195,3300709,6499291,0.001098,95.930000,0,28274.6797168
test_debug,196,3317534,6532466,0.001098,95.840000,0,28418.1962409
test_debug,197,3334087,6565913,0.001117,95.740000,0,28560.5969758
test_debug,198,3350770,6599230,0.001115,95.840000,0,28703.5584538
test_debug,199,3367403,6632597,0.001113,95.930000,0,28846.2283449
