Namespace(batch_size=128, calculator='random', cuda=True, cutout=True, data_augmentation=True, dataset='cifar10', epochs=200, forwardlr=True, fp_selector='alwayson', learning_rate=0.1, length=16, lr_sched='/users/ahjiang/src/Cutout/pytorch-cifar/data/config/sysml20//cifar10/lr_sched_cifar10_wideresnet', model='wideresnet', n_holes=1, no_cuda=False, output_dir='./logs', prob_pow=1, sb=True, seed=0, strategy='sb')
Files already downloaded and verified
Files already downloaded and verified
Setting learning rate to 0.1 at 128 backprops
test_debug,0,50000,0,0.013382,47.010000,0,298.725322008
test_debug,1,75175,24825,0.009179,58.680000,0,478.06453681
test_debug,2,100262,49738,0.010852,56.600000,0,657.381377935
test_debug,3,125350,74645,0.010529,58.370000,0,834.651592016
test_debug,4,150411,99589,0.007580,68.270000,0,1013.62315989
test_debug,5,175421,124579,0.007164,68.730000,0,1191.99449492
test_debug,6,200348,149652,0.007845,68.280000,0,1370.21366191
test_debug,7,225308,174640,0.006868,71.180000,0,1546.84907484
test_debug,8,250354,199646,0.006336,73.210000,0,1725.53244185
test_debug,9,275286,224714,0.006152,73.730000,0,1903.7958858
test_debug,10,300169,249831,0.007936,69.100000,0,2081.44953895
test_debug,11,325129,274797,0.008102,67.990000,0,2258.14602685
test_debug,12,349882,300118,0.007217,71.610000,0,2435.12299681
test_debug,13,374970,324987,0.006894,71.600000,0,2612.14679599
test_debug,14,400278,349722,0.004791,79.090000,0,2791.86927199
test_debug,15,425406,374594,0.006034,74.140000,0,2970.20349193
test_debug,16,450238,399710,0.004392,81.000000,0,3146.25862885
test_debug,17,475131,424869,0.004406,81.410000,0,3323.82456088
test_debug,18,500068,449932,0.004273,82.370000,0,3502.07581782
test_debug,19,524770,475230,0.005269,78.640000,0,3679.64822578
test_debug,20,549803,500197,0.005338,77.620000,0,3858.13276601
test_debug,21,574763,525201,0.005494,77.990000,0,4034.74868894
test_debug,22,599595,550351,0.004701,80.430000,0,4210.77621293
test_debug,23,624601,575399,0.005335,78.180000,0,4388.67848897
test_debug,24,649655,600345,0.004154,82.510000,0,4567.26603794
test_debug,25,674462,625538,0.005641,77.450000,0,4744.85001993
test_debug,26,699422,650570,0.004875,80.170000,0,4921.39229393
test_debug,27,724604,675396,0.004435,81.310000,0,5098.829988
test_debug,28,749795,700205,0.004550,80.560000,0,5276.22816682
test_debug,29,775063,724937,0.003899,83.510000,0,5455.30158687
test_debug,30,799961,750039,0.005628,77.530000,0,5632.94074297
test_debug,31,824881,775119,0.004664,81.080000,0,5810.85630798
test_debug,32,849780,800220,0.007710,71.390000,0,5988.54663301
test_debug,33,874734,825266,0.004401,81.720000,0,6166.947963
test_debug,34,899939,850061,0.006374,75.770000,0,6346.54921484
test_debug,35,924817,875183,0.004290,81.860000,0,6522.67606401
test_debug,36,949882,900118,0.003382,85.600000,0,6699.50562096
test_debug,37,974880,925120,0.003772,84.750000,0,6877.17248583
test_debug,38,999829,950171,0.003717,84.450000,0,7053.63537192
test_debug,39,1024789,975177,0.005716,78.240000,0,7230.0217669
test_debug,40,1049709,1000291,0.003705,84.330000,0,7406.23727798
test_debug,41,1074590,1025410,0.004056,83.880000,0,7582.38077998
test_debug,42,1099421,1050579,0.004292,82.260000,0,7758.24782896
test_debug,43,1124445,1075555,0.004200,82.280000,0,7936.03764987
test_debug,44,1149357,1100643,0.004217,83.380000,0,8112.14429379
test_debug,45,1174146,1125854,0.003872,83.590000,0,8289.37766194
test_debug,46,1199278,1150722,0.004248,81.980000,0,8467.48908901
test_debug,47,1224366,1175586,0.003755,83.880000,0,8644.25851202
test_debug,48,1249269,1200731,0.004761,79.800000,0,8821.77767491
test_debug,49,1274610,1225390,0.005557,78.650000,0,9001.77807188
test_debug,50,1299530,1250470,0.003837,83.930000,0,9178.05356193
test_debug,51,1324746,1275238,0.004390,83.170000,0,9355.52105689
test_debug,52,1349834,1300165,0.005137,80.030000,0,9532.44183302
test_debug,53,1374618,1325382,0.003088,87.020000,0,9708.22659492
test_debug,54,1399322,1350616,0.004778,81.430000,0,9883.57032299
test_debug,55,1424117,1375883,0.003900,83.720000,0,10061.0670738
test_debug,56,1449148,1400852,0.003296,86.580000,0,10237.8059819
test_debug,57,1474149,1425851,0.004095,83.310000,0,10415.4554338
test_debug,58,1499109,1450833,0.004548,82.250000,0,10591.9788489
Setting learning rate to 0.02 at 1524069 backprops
test_debug,59,1524069,1475881,0.004291,82.110000,0,10768.4499409
test_debug,60,1549097,1500903,0.001831,92.020000,0,10946.625562
test_debug,61,1574101,1525899,0.001749,92.610000,0,11123.3656349
test_debug,62,1599030,1550970,0.001680,92.870000,0,11301.4404409
test_debug,63,1624043,1575957,0.001572,93.050000,0,11479.3655438
test_debug,64,1649074,1600926,0.001672,92.890000,0,11656.0862439
test_debug,65,1674034,1625950,0.001702,92.600000,0,11832.603683
test_debug,66,1698975,1651025,0.001611,93.240000,0,12010.8816409
test_debug,67,1724062,1675938,0.001640,93.070000,0,12187.911968
test_debug,68,1749126,1700874,0.001756,92.630000,0,12366.7092588
test_debug,69,1773958,1726035,0.001852,92.540000,0,12542.822989
test_debug,70,1798767,1751233,0.001633,93.180000,0,12718.8364019
test_debug,71,1823947,1776053,0.001666,92.690000,0,12896.2753439
test_debug,72,1848894,1801106,0.001658,92.890000,0,13074.7639959
test_debug,73,1873854,1826095,0.001674,93.020000,0,13251.1683128
test_debug,74,1898750,1851250,0.001566,93.470000,0,13427.2063839
test_debug,75,1923800,1876200,0.001812,92.530000,0,13605.6769128
test_debug,76,1948878,1901122,0.001699,92.770000,0,13784.6641259
test_debug,77,1973929,1926071,0.001624,93.210000,0,13961.5237858
test_debug,78,1998716,1951284,0.001663,93.230000,0,14138.846046
test_debug,79,2023795,1976205,0.001708,92.940000,0,14317.7971878
test_debug,80,2048627,2001321,0.001736,93.170000,0,14493.743613
test_debug,81,2073670,2026330,0.001690,93.130000,0,14670.634037
test_debug,82,2098748,2051252,0.001747,92.890000,0,14847.5835719
test_debug,83,2123825,2076175,0.001895,92.150000,0,15024.5077059
test_debug,84,2148637,2101363,0.001806,92.570000,0,15202.246819
test_debug,85,2173464,2126536,0.001951,92.030000,0,15380.1399179
test_debug,86,2198621,2151379,0.001875,92.650000,0,15558.908752
test_debug,87,2223546,2176454,0.001959,91.840000,0,15736.946862
test_debug,88,2248501,2201499,0.001972,92.060000,0,15913.4185569
test_debug,89,2273651,2226349,0.001894,92.370000,0,16092.0217528
test_debug,90,2298596,2251404,0.001896,92.110000,0,16270.3220429
test_debug,91,2323684,2276303,0.001558,93.510000,0,16447.26752
test_debug,92,2348644,2301287,0.001806,92.490000,0,16623.8774199
test_debug,93,2373671,2326329,0.001765,92.770000,0,16800.6896138
test_debug,94,2398724,2351276,0.001775,92.800000,0,16977.6205499
test_debug,95,2423940,2376051,0.001692,92.970000,0,17155.1668839
test_debug,96,2448754,2401246,0.001800,92.490000,0,17332.9650779
test_debug,97,2473840,2426160,0.001818,92.910000,0,17510.0203619
test_debug,98,2498745,2451255,0.001872,92.020000,0,17686.2859619
test_debug,99,2523784,2476216,0.001658,93.210000,0,17864.526907
test_debug,100,2548744,2501234,0.001745,92.780000,0,18040.8905559
test_debug,101,2573628,2526372,0.001858,92.560000,0,18216.989496
test_debug,102,2598460,2551485,0.001608,93.190000,0,18392.8884778
test_debug,103,2623375,2576625,0.001870,92.420000,0,18569.0851169
test_debug,104,2648463,2601492,0.001901,92.550000,0,18745.9283929
test_debug,105,2673423,2626560,0.001730,92.980000,0,18922.2256918
test_debug,106,2698383,2651567,0.001887,92.520000,0,19098.495955
test_debug,107,2723421,2676579,0.001594,93.380000,0,19276.666219
test_debug,108,2748442,2701558,0.001860,92.920000,0,19453.2993119
test_debug,109,2773489,2726511,0.001750,92.820000,0,19630.1155498
test_debug,110,2798368,2751632,0.001995,92.090000,0,19807.2988598
test_debug,111,2823453,2776547,0.001751,93.140000,0,19984.2875679
test_debug,112,2848620,2801380,0.001740,93.030000,0,20161.6469738
test_debug,113,2873706,2826294,0.001934,92.320000,0,20338.5891778
test_debug,114,2898627,2851373,0.001814,92.700000,0,20516.5203049
test_debug,115,2923546,2876454,0.001936,92.200000,0,20692.8269
test_debug,116,2948568,2901432,0.001766,92.580000,0,20869.555454
test_debug,117,2973400,2926592,0.001970,92.160000,0,21045.4121959
test_debug,118,2998332,2951668,0.001885,92.730000,0,21221.7676549
Setting learning rate to 0.004 at 3023488 backprops
test_debug,119,3023488,2976512,0.001685,93.180000,0,21399.0562749
test_debug,120,3048493,3001507,0.001189,95.220000,0,21576.7501879
test_debug,121,3073663,3026337,0.001134,95.350000,0,21755.650306
test_debug,122,3098812,3051188,0.001153,95.420000,0,21932.7947788
test_debug,123,3123979,3076021,0.001083,95.620000,0,22110.071708
test_debug,124,3149055,3100945,0.001069,95.520000,0,22288.935899
test_debug,125,3173953,3126047,0.001051,95.780000,0,22465.087487
test_debug,126,3198913,3151073,0.001045,95.960000,0,22641.4689498
test_debug,127,3223745,3176181,0.001075,95.650000,0,22817.3030989
test_debug,128,3248623,3201377,0.001087,95.740000,0,22993.3449218
test_debug,129,3273447,3226553,0.001062,95.730000,0,23171.0873199
test_debug,130,3298354,3251646,0.001107,95.570000,0,23348.6896348
test_debug,131,3323267,3276733,0.001121,95.630000,0,23526.4388659
test_debug,132,3348483,3301478,0.001097,95.730000,0,23703.880724
test_debug,133,3373434,3326566,0.001087,95.720000,0,23880.1657529
test_debug,134,3398495,3351505,0.001074,95.840000,0,24056.9628079
test_debug,135,3423455,3376527,0.001058,95.950000,0,24233.3674028
test_debug,136,3448529,3401471,0.001089,95.890000,0,24412.2034528
test_debug,137,3473617,3426382,0.001088,95.760000,0,24589.0388019
test_debug,138,3498531,3451469,0.001106,95.680000,0,24765.2105579
test_debug,139,3523568,3476432,0.001077,95.820000,0,24943.3808079
test_debug,140,3548603,3501397,0.001074,95.950000,0,25120.0605378
test_debug,141,3573507,3526493,0.001071,95.830000,0,25297.7255769
test_debug,142,3598522,3551478,0.001148,95.770000,0,25475.6756818
test_debug,143,3623610,3576363,0.001119,95.840000,0,25652.602911
test_debug,144,3648889,3601111,0.001179,95.830000,0,25831.6602459
test_debug,145,3673807,3626193,0.001084,95.920000,0,26007.9276428
test_debug,146,3698767,3651161,0.001063,96.070000,0,26184.2846689
test_debug,147,3723727,3676215,0.001094,95.990000,0,26360.7169039
test_debug,148,3748815,3701126,0.001034,96.080000,0,26537.6983809
test_debug,149,3774031,3725929,0.001111,96.050000,0,26715.163424
test_debug,150,3798980,3751020,0.001109,95.820000,0,26891.496733
test_debug,151,3824068,3775886,0.001056,95.850000,0,27068.3688059
test_debug,152,3848900,3801071,0.001114,96.110000,0,27244.1472039
test_debug,153,3873988,3825948,0.001102,96.080000,0,27421.022898
test_debug,154,3898742,3851258,0.001140,95.680000,0,27596.45099
test_debug,155,3923793,3876207,0.001146,95.910000,0,27773.1222348
test_debug,156,3948742,3901258,0.001088,96.000000,0,27949.3301129
test_debug,157,3973943,3926057,0.001074,96.000000,0,28126.7018759
test_debug,158,3998870,3951130,0.001099,96.050000,0,28302.8148088
Setting learning rate to 0.0008 at 4023690 backprops
test_debug,159,4023690,3976310,0.001140,95.790000,0,28478.5721509
test_debug,160,4048394,4001582,0.001021,96.200000,0,28653.839139
test_debug,161,4073354,4026606,0.001006,96.100000,0,28830.1467168
test_debug,162,4098314,4051611,0.001000,96.270000,0,29006.4667089
test_debug,163,4123402,4076588,0.000987,96.370000,0,29183.358609
test_debug,164,4148275,4101725,0.000993,96.420000,0,29359.3710749
test_debug,165,4173175,4126825,0.000989,96.280000,0,29535.406801
test_debug,166,4197961,4152039,0.000977,96.440000,0,29711.0123868
test_debug,167,4222849,4177151,0.000977,96.480000,0,29888.3009448
test_debug,168,4247809,4202153,0.000974,96.450000,0,30064.6892409
test_debug,169,4272897,4227038,0.000974,96.490000,0,30241.5314739
test_debug,170,4298081,4251919,0.000982,96.450000,0,30420.50809
test_debug,171,4323128,4276872,0.000978,96.460000,0,30597.2833009
test_debug,172,4348199,4301801,0.000959,96.560000,0,30775.935436
test_debug,173,4373072,4326928,0.000990,96.590000,0,30951.8984668
test_debug,174,4398269,4351731,0.001001,96.570000,0,31129.1663609
test_debug,175,4422957,4377043,0.000987,96.490000,0,31306.2205448
test_debug,176,4448097,4401903,0.000992,96.450000,0,31483.1964769
test_debug,177,4473043,4426957,0.000995,96.440000,0,31659.352747
test_debug,178,4498003,4451985,0.000992,96.650000,0,31835.678509
test_debug,179,4523091,4476900,0.001006,96.550000,0,32012.517782
test_debug,180,4548011,4501989,0.001000,96.510000,0,32188.6654129
test_debug,181,4573222,4526778,0.001007,96.500000,0,32366.1091449
test_debug,182,4598182,4551797,0.000999,96.560000,0,32542.491735
test_debug,183,4623249,4576751,0.001018,96.530000,0,32721.1657989
test_debug,184,4648081,4601848,0.000989,96.530000,0,32897.2261798
test_debug,185,4673169,4626765,0.001002,96.650000,0,33074.2520778
test_debug,186,4698323,4651677,0.000991,96.610000,0,33251.5901699
test_debug,187,4723236,4676764,0.000978,96.680000,0,33427.8705139
test_debug,188,4748196,4701745,0.000994,96.540000,0,33604.2930598
test_debug,189,4773279,4726721,0.001000,96.570000,0,33781.3742909
test_debug,190,4798059,4751941,0.000980,96.670000,0,33958.7175529
test_debug,191,4822891,4777057,0.001017,96.500000,0,34134.651938
test_debug,192,4847964,4802036,0.000989,96.570000,0,34311.6254468
test_debug,193,4873037,4826963,0.001017,96.520000,0,34488.4926488
test_debug,194,4897948,4852052,0.001001,96.550000,0,34664.7448299
test_debug,195,4923036,4876953,0.000991,96.480000,0,34841.744236
test_debug,196,4947996,4902000,0.001000,96.570000,0,35018.2123058
test_debug,197,4972956,4926972,0.000995,96.570000,0,35194.5419848
test_debug,198,4998044,4951929,0.001006,96.570000,0,35371.5302708
test_debug,199,5023114,4976886,0.001010,96.570000,0,35548.482142
