Namespace(batch_size=128, calculator='random', cuda=True, cutout=True, data_augmentation=True, dataset='cifar100', epochs=200, forwardlr=True, fp_selector='alwayson', learning_rate=0.1, length=8, lr_sched='/users/ahjiang/src/Cutout/pytorch-cifar/data/config/sysml20//cifar100/lr_sched_cifar100_wideresnet', model='wideresnet', n_holes=1, no_cuda=False, output_dir='./logs', prob_pow=3, sb=True, seed=0, strategy='sb')
Files already downloaded and verified
Files already downloaded and verified
Setting learning rate to 0.1 at 128 backprops
test_debug,0,50000,0,0.029948,11.140000,0,300.040339947
test_debug,1,62484,37516,0.027569,15.800000,0,426.179284096
test_debug,2,74806,75194,0.027529,17.180000,0,551.169757128
test_debug,3,87292,112708,0.025800,20.460000,0,677.303778172
test_debug,4,99753,150247,0.026055,21.620000,0,802.992047071
test_debug,5,112273,187727,0.027186,21.860000,0,929.753158092
test_debug,6,124801,225199,0.021622,30.910000,0,1056.46771312
test_debug,7,137341,262659,0.022518,28.260000,0,1183.30241418
test_debug,8,149840,300160,0.021201,32.390000,0,1309.68520713
test_debug,9,162293,337707,0.021935,30.170000,0,1435.26781297
test_debug,10,174896,375104,0.021538,32.380000,0,1561.69711614
test_debug,11,187338,412662,0.022732,32.050000,0,1687.09142113
test_debug,12,199712,450288,0.017558,40.700000,0,1813.01121998
test_debug,13,212365,487635,0.018358,38.440000,0,1940.29599595
test_debug,14,224965,525035,0.020652,36.200000,0,2066.78877807
test_debug,15,237595,562405,0.016027,45.190000,0,2192.04991007
test_debug,16,249945,600055,0.017793,42.770000,0,2317.529809
test_debug,17,262475,637525,0.017243,42.970000,0,2444.33469915
test_debug,18,275104,674896,0.015416,46.900000,0,2571.15998006
test_debug,19,287466,712534,0.017073,42.970000,0,2696.83071899
test_debug,20,299882,750092,0.014421,49.750000,0,2821.14943314
test_debug,21,312426,787558,0.016099,45.600000,0,2946.03587008
test_debug,22,325038,824962,0.015489,47.750000,0,3071.28834105
test_debug,23,337579,862421,0.016083,46.340000,0,3198.24953914
test_debug,24,349930,900070,0.016361,45.070000,0,3323.80619001
test_debug,25,362464,937536,0.016480,46.260000,0,3450.74612212
test_debug,26,374972,975028,0.015944,46.170000,0,3577.31503606
test_debug,27,387612,1012388,0.013885,52.120000,0,3704.39169598
test_debug,28,400066,1049934,0.017547,43.950000,0,3829.96243906
test_debug,29,412472,1087528,0.016038,47.230000,0,3954.41535711
test_debug,30,424954,1125046,0.015556,48.390000,0,4080.65372515
test_debug,31,437458,1162542,0.014218,52.200000,0,4207.25139618
test_debug,32,450030,1199970,0.015582,48.170000,0,4333.06479502
test_debug,33,462502,1237498,0.014891,49.820000,0,4457.70128417
test_debug,34,474918,1275024,0.013960,52.370000,0,4582.10251999
test_debug,35,487320,1312680,0.014366,51.780000,0,4706.36611795
test_debug,36,499947,1350053,0.015767,48.550000,0,4831.64046717
test_debug,37,512440,1387560,0.014658,50.260000,0,4957.84995818
test_debug,38,524848,1425152,0.014476,50.650000,0,5084.21552014
test_debug,39,537558,1462442,0.018313,44.610000,0,5209.83844495
test_debug,40,549972,1500028,0.013599,54.080000,0,5336.17395616
test_debug,41,562331,1537669,0.014375,51.950000,0,5461.77908015
test_debug,42,574747,1575193,0.012855,55.140000,0,5586.09424114
test_debug,43,587196,1612804,0.017428,46.490000,0,5711.591398
test_debug,44,599850,1650150,0.015052,50.820000,0,5838.86173511
test_debug,45,612258,1687742,0.012710,55.880000,0,5963.19163203
test_debug,46,624787,1725213,0.013475,54.740000,0,6089.99469709
test_debug,47,637203,1762746,0.015170,52.180000,0,6214.31494617
test_debug,48,649619,1800326,0.015718,50.450000,0,6338.57392311
test_debug,49,662097,1837903,0.015460,49.990000,0,6463.15643907
test_debug,50,674632,1875368,0.014368,53.240000,0,6589.99294114
test_debug,51,686991,1913009,0.014718,52.750000,0,6714.09151196
test_debug,52,699452,1950548,0.013795,53.660000,0,6838.60534716
test_debug,53,711911,1988089,0.014861,51.360000,0,6964.24528718
test_debug,54,724455,2025489,0.012004,57.690000,0,7089.20548916
test_debug,55,736999,2062971,0.012887,56.730000,0,7214.00947595
test_debug,56,749505,2100495,0.015428,49.860000,0,7340.46070218
test_debug,57,761823,2138177,0.018422,47.460000,0,7465.33369303
test_debug,58,774423,2175577,0.012050,57.880000,0,7590.53333712
Setting learning rate to 0.01 at 787086 backprops
test_debug,59,787086,2212914,0.012398,56.920000,0,7715.91184616
test_debug,60,799484,2250516,0.008220,69.490000,0,7840.16535711
test_debug,61,811856,2288144,0.007855,70.800000,0,7966.01299
test_debug,62,824340,2325660,0.007698,71.150000,0,8090.66823697
test_debug,63,836717,2363283,0.007634,71.830000,0,8216.49708295
test_debug,64,849169,2400831,0.007487,72.550000,0,8341.94335699
test_debug,65,861713,2438245,0.007376,72.680000,0,8466.89295816
test_debug,66,873970,2476030,0.007448,72.900000,0,8592.34633017
test_debug,67,886484,2513516,0.007469,72.490000,0,8718.83816218
test_debug,68,899131,2550869,0.007418,72.980000,0,8846.05942416
test_debug,69,911547,2588378,0.007344,73.310000,0,8970.26238012
test_debug,70,924091,2625905,0.007376,72.790000,0,9095.10815501
test_debug,71,936635,2663356,0.007299,73.190000,0,9219.97311711
test_debug,72,949160,2700840,0.007229,73.960000,0,9344.65612316
test_debug,73,961773,2738227,0.007359,73.640000,0,9471.32255316
test_debug,74,974317,2775652,0.007371,73.780000,0,9596.27400899
test_debug,75,986977,2813023,0.007232,73.880000,0,9723.74993515
test_debug,76,999568,2850432,0.007326,74.030000,0,9849.93470907
test_debug,77,1012191,2887809,0.007307,73.870000,0,9976.76866412
test_debug,78,1024759,2925241,0.007281,73.880000,0,10102.5816121
test_debug,79,1037303,2962687,0.007372,73.980000,0,10227.574738
test_debug,80,1049932,3000068,0.007316,73.940000,0,10352.928246
test_debug,81,1062549,3037451,0.007418,73.660000,0,10479.699255
test_debug,82,1075093,3074895,0.007246,74.420000,0,10604.598594
test_debug,83,1087765,3112159,0.007361,74.060000,0,10730.0054891
test_debug,84,1100231,3149769,0.007335,74.220000,0,10855.7980671
test_debug,85,1112844,3187156,0.007339,74.200000,0,10981.0248301
test_debug,86,1125361,3224639,0.007380,74.380000,0,11107.748821
test_debug,87,1137725,3262275,0.007332,74.440000,0,11233.573657
test_debug,88,1150194,3299806,0.007192,75.000000,0,11359.4398072
test_debug,89,1162735,3337265,0.007361,74.330000,0,11484.332649
test_debug,90,1175223,3374777,0.007465,74.520000,0,11610.484792
test_debug,91,1187497,3412503,0.007452,74.510000,0,11734.2238841
test_debug,92,1199958,3450042,0.007521,74.140000,0,11858.7538202
test_debug,93,1212488,3487512,0.007634,74.100000,0,11983.573746
test_debug,94,1224769,3525231,0.007868,73.290000,0,12109.2277951
test_debug,95,1237358,3562642,0.007769,73.560000,0,12234.271101
test_debug,96,1249859,3600141,0.007626,74.050000,0,12358.9213891
test_debug,97,1262225,3637775,0.007482,74.090000,0,12484.6474111
test_debug,98,1274748,3675252,0.007669,74.510000,0,12611.4249392
test_debug,99,1287292,3712668,0.007718,74.290000,0,12736.3276381
test_debug,100,1299792,3750208,0.007687,74.580000,0,12861.094955
test_debug,101,1312159,3787841,0.007644,74.290000,0,12985.304183
test_debug,102,1324693,3825307,0.007694,73.980000,0,13110.214715
test_debug,103,1337129,3862871,0.007764,73.830000,0,13235.4641471
test_debug,104,1349538,3900462,0.007896,74.240000,0,13359.831794
test_debug,105,1361882,3938118,0.007597,74.760000,0,13483.858752
test_debug,106,1374490,3975510,0.007816,74.220000,0,13610.34638
test_debug,107,1387034,4012927,0.007717,74.380000,0,13735.246459
test_debug,108,1399450,4050519,0.007554,74.940000,0,13859.612752
test_debug,109,1412021,4087979,0.007858,73.880000,0,13985.512192
test_debug,110,1424295,4125705,0.007530,74.870000,0,14109.164125
test_debug,111,1436749,4163251,0.007824,74.230000,0,14233.63132
test_debug,112,1449331,4200669,0.007923,74.180000,0,14358.6262841
test_debug,113,1461698,4238302,0.008141,73.510000,0,14482.8011241
test_debug,114,1474271,4275729,0.008139,73.720000,0,14608.7565022
test_debug,115,1486735,4313265,0.007716,75.030000,0,14734.4235971
test_debug,116,1499248,4350752,0.008032,74.100000,0,14859.1745222
test_debug,117,1511840,4388160,0.007946,74.080000,0,14984.2214
test_debug,118,1524339,4425661,0.007929,74.190000,0,15108.9130991
Setting learning rate to 0.001 at 1536868 backprops
test_debug,119,1536868,4463132,0.008139,74.170000,0,15233.7813962
test_debug,120,1549399,4500601,0.007185,76.480000,0,15360.6381481
test_debug,121,1561815,4538181,0.007097,76.780000,0,15485.0937321
test_debug,122,1574325,4575675,0.007004,77.110000,0,15611.595216
test_debug,123,1586856,4613144,0.006950,77.350000,0,15736.643244
test_debug,124,1599436,4650564,0.007000,77.280000,0,15861.8615501
test_debug,125,1611980,4687990,0.006952,77.340000,0,15986.8972611
test_debug,126,1624524,4725459,0.006980,77.450000,0,16111.9236572
test_debug,127,1636881,4763119,0.006972,77.330000,0,16236.0559871
test_debug,128,1649362,4800638,0.007015,77.420000,0,16362.2055161
test_debug,129,1661706,4838294,0.006958,77.730000,0,16486.346272
test_debug,130,1674144,4875856,0.007000,77.470000,0,16611.767406
test_debug,131,1686528,4913472,0.006961,77.710000,0,16736.0776842
test_debug,132,1699057,4950943,0.006972,77.710000,0,16861.0541022
test_debug,133,1711597,4988403,0.007033,77.610000,0,16986.0481241
test_debug,134,1724093,5025907,0.006974,77.580000,0,17110.8727472
test_debug,135,1736572,5063428,0.006987,77.470000,0,17235.5791302
test_debug,136,1749037,5100963,0.007044,77.240000,0,17361.4351401
test_debug,137,1761566,5138434,0.007040,77.460000,0,17486.3210762
test_debug,138,1774073,5175927,0.007017,77.480000,0,17612.735939
test_debug,139,1786302,5213698,0.007079,77.570000,0,17736.3843081
test_debug,140,1798702,5251298,0.007096,77.450000,0,17860.6513221
test_debug,141,1811243,5288757,0.007083,77.340000,0,17985.5788491
test_debug,142,1823740,5326260,0.007054,77.420000,0,18111.9612532
test_debug,143,1836331,5363669,0.007068,77.390000,0,18237.157486
test_debug,144,1848683,5401317,0.007074,77.520000,0,18361.295922
test_debug,145,1861155,5438845,0.007113,77.620000,0,18486.011833
test_debug,146,1873504,5476496,0.007035,77.610000,0,18611.4404941
test_debug,147,1886090,5513910,0.007143,77.210000,0,18737.64555
test_debug,148,1898630,5551370,0.007089,77.660000,0,18862.5283821
test_debug,149,1911424,5588576,0.007116,77.610000,0,18990.515317
test_debug,150,1924041,5625959,0.007146,77.590000,0,19115.802743
test_debug,151,1936662,5663338,0.007110,77.510000,0,19241.045522
test_debug,152,1948950,5701020,0.007077,77.390000,0,19364.8623412
test_debug,153,1961494,5738464,0.007099,77.690000,0,19489.7614691
test_debug,154,1974133,5775867,0.007092,77.670000,0,19616.7781332
test_debug,155,1986592,5813408,0.007140,77.360000,0,19741.3728111
test_debug,156,1999155,5850845,0.007168,77.540000,0,19867.1899791
test_debug,157,2011781,5888219,0.007116,77.630000,0,19994.090296
test_debug,158,2024284,5925716,0.007108,77.830000,0,20120.543699
test_debug,159,2036661,5963339,0.007113,77.560000,0,20244.8310142
test_debug,160,2049077,6000888,0.007188,77.440000,0,20369.202811
test_debug,161,2061606,6038394,0.007165,77.410000,0,20494.0941319
test_debug,162,2074007,6075993,0.007183,77.400000,0,20618.476949
test_debug,163,2086549,6113451,0.007157,77.420000,0,20743.387274
test_debug,164,2099020,6150980,0.007204,77.410000,0,20869.2597702
test_debug,165,2111436,6188536,0.007231,77.230000,0,20993.6104012
test_debug,166,2123885,6226115,0.007218,77.320000,0,21118.1790571
test_debug,167,2136452,6263548,0.007211,77.310000,0,21243.904424
test_debug,168,2148981,6301019,0.007200,77.810000,0,21368.776222
test_debug,169,2161397,6338532,0.007189,77.700000,0,21493.1723161
test_debug,170,2173992,6376008,0.007243,77.500000,0,21619.6410441
test_debug,171,2186523,6413477,0.007240,77.280000,0,21744.485971
test_debug,172,2198979,6451021,0.007244,77.550000,0,21870.1534111
test_debug,173,2211568,6488432,0.007226,77.640000,0,21995.3030891
test_debug,174,2224012,6525988,0.007273,77.460000,0,22119.858813
test_debug,175,2236479,6563521,0.007247,77.480000,0,22244.5339282
test_debug,176,2249179,6600821,0.007339,77.260000,0,22370.123997
test_debug,177,2261745,6638255,0.007272,77.460000,0,22495.132134
test_debug,178,2274334,6675666,0.007232,77.530000,0,22620.2734141
test_debug,179,2286929,6713071,0.007255,77.410000,0,22745.490201
test_debug,180,2299539,6750461,0.007273,77.390000,0,22870.6962881
test_debug,181,2312169,6787831,0.007237,77.440000,0,22995.9207511
test_debug,182,2324617,6825383,0.007243,77.420000,0,23121.3431151
test_debug,183,2337141,6862859,0.007260,77.520000,0,23248.041234
test_debug,184,2349795,6900205,0.007223,77.490000,0,23373.449996
test_debug,185,2362304,6937696,0.007314,77.350000,0,23499.9738281
test_debug,186,2374717,6975283,0.007288,77.290000,0,23624.409714
test_debug,187,2387189,7012811,0.007352,77.290000,0,23749.0815721
test_debug,188,2399605,7050324,0.007312,77.450000,0,23873.4882541
test_debug,189,2411997,7088003,0.007294,77.500000,0,23997.7698231
test_debug,190,2424468,7125532,0.007345,77.200000,0,24122.445874
test_debug,191,2436973,7163027,0.007289,77.320000,0,24247.2487772
test_debug,192,2449598,7200402,0.007302,77.600000,0,24372.5576231
test_debug,193,2462142,7237812,0.007297,77.470000,0,24497.6184201
test_debug,194,2474740,7275260,0.007334,77.370000,0,24624.093492
test_debug,195,2487397,7312603,0.007344,77.320000,0,24749.548944
test_debug,196,2499962,7350038,0.007351,77.300000,0,24875.376297
test_debug,197,2512362,7387638,0.007360,77.340000,0,24999.8099232
test_debug,198,2524956,7425044,0.007385,77.520000,0,25125.0708811
test_debug,199,2537448,7462552,0.007381,77.350000,0,25249.823426
