Namespace(batch_size=128, calculator='relative', cuda=True, cutout=True, data_augmentation=True, dataset='cifar100', forwardlr=True, fp_selector='alwayson', hours=10.0, kath_oversampling_rate=4.0, learning_rate=0.1, length=8, lr_sched='/users/ahjiang/src/Cutout/pytorch-cifar/data/config/sysml20//cifar100/lr_sched_cifar100_wideresnet_0.8x', model='wideresnet', n_holes=1, no_cuda=False, output_dir='./logs', prob_pow=3.0, sb=True, seed=0, staleness=2, strategy='nofilter')
Files already downloaded and verified
Files already downloaded and verified
Setting learning rate to 0.1 at 128 backprops
test_debug,0,50000,0,0.030296,11.040000,0,239.605381012
test_debug,1,100000,0,0.026418,21.280000,0,462.326184988
test_debug,2,150000,0,0.019809,33.920000,0,685.194607973
test_debug,3,200000,0,0.018959,38.500000,0,907.970789909
test_debug,4,250000,0,0.017444,41.320000,0,1130.81378603
test_debug,5,300000,0,0.016509,44.280000,0,1353.55892587
test_debug,6,350000,0,0.016323,46.320000,0,1576.22265291
test_debug,7,400000,0,0.014485,50.690000,0,1798.74271488
test_debug,8,450000,0,0.013713,52.260000,0,2021.40159392
test_debug,9,500000,0,0.014359,51.510000,0,2243.99643302
test_debug,10,550000,0,0.015522,48.940000,0,2466.6096561
test_debug,11,600000,0,0.013346,54.140000,0,2689.13968992
test_debug,12,650000,0,0.012330,57.230000,0,2911.71130896
test_debug,13,700000,0,0.014845,52.500000,0,3134.36981702
test_debug,14,750000,0,0.012982,56.330000,0,3357.01606297
test_debug,15,800000,0,0.012456,56.960000,0,3579.6756289
test_debug,16,850000,0,0.012392,57.330000,0,3802.4611249
test_debug,17,900000,0,0.013991,53.090000,0,4025.02164698
test_debug,18,950000,0,0.011935,58.590000,0,4247.59657192
test_debug,19,1000000,0,0.011836,59.500000,0,4470.17666507
test_debug,20,1050000,0,0.011554,59.790000,0,4692.72061896
test_debug,21,1100000,0,0.013833,54.350000,0,4915.33236289
test_debug,22,1150000,0,0.011687,59.490000,0,5138.00812387
test_debug,23,1200000,0,0.012202,58.800000,0,5360.64339399
test_debug,24,1250000,0,0.013377,54.560000,0,5583.35306001
test_debug,25,1300000,0,0.014202,54.370000,0,5806.03928494
test_debug,26,1350000,0,0.011659,60.170000,0,6028.63537598
test_debug,27,1400000,0,0.013182,57.430000,0,6251.11059308
test_debug,28,1450000,0,0.012057,59.640000,0,6473.6118331
test_debug,29,1500000,0,0.013255,56.880000,0,6696.06224799
test_debug,30,1550000,0,0.013057,57.430000,0,6918.59433699
test_debug,31,1600000,0,0.011347,60.790000,0,7141.17785788
test_debug,32,1650000,0,0.010935,62.260000,0,7363.667799
test_debug,33,1700000,0,0.010693,61.890000,0,7586.11930299
test_debug,34,1750000,0,0.011964,60.400000,0,7808.59405303
test_debug,35,1800000,0,0.012688,58.360000,0,8031.03705192
test_debug,36,1850000,0,0.011270,60.980000,0,8253.55495691
test_debug,37,1900000,0,0.011223,63.250000,0,8476.00154495
test_debug,38,1950000,0,0.011939,61.610000,0,8698.34707808
test_debug,39,2000000,0,0.014008,55.710000,0,8920.86458993
test_debug,40,2050000,0,0.013157,57.070000,0,9143.41617703
test_debug,41,2100000,0,0.010712,62.670000,0,9366.01348996
test_debug,42,2150000,0,0.011062,61.680000,0,9588.49097991
test_debug,43,2200000,0,0.012271,58.040000,0,9810.92108393
test_debug,44,2250000,0,0.012933,58.060000,0,10033.3027899
test_debug,45,2300000,0,0.010773,63.280000,0,10255.744864
test_debug,46,2350000,0,0.010848,63.660000,0,10478.1231499
test_debug,47,2400000,0,0.011498,60.660000,0,10700.5799029
Setting learning rate to 0.01 at 2400128 backprops
test_debug,48,2450000,0,0.006158,77.710000,0,10923.0492899
test_debug,49,2500000,0,0.006170,78.330000,0,11145.6423969
test_debug,50,2550000,0,0.006104,78.250000,0,11368.105896
test_debug,51,2600000,0,0.006104,78.840000,0,11590.579531
test_debug,52,2650000,0,0.006118,78.990000,0,11812.9541509
test_debug,53,2700000,0,0.006207,78.910000,0,12035.44418
test_debug,54,2750000,0,0.006193,79.010000,0,12257.919821
test_debug,55,2800000,0,0.006305,78.970000,0,12480.450207
test_debug,56,2850000,0,0.006364,78.730000,0,12703.0023849
test_debug,57,2900000,0,0.006356,78.870000,0,12925.4776809
test_debug,58,2950000,0,0.006472,78.640000,0,13148.021409
test_debug,59,3000000,0,0.006683,78.150000,0,13370.5521169
test_debug,60,3050000,0,0.006883,77.940000,0,13593.1035709
test_debug,61,3100000,0,0.006740,78.460000,0,13815.5662761
test_debug,62,3150000,0,0.006889,77.970000,0,14038.0127549
test_debug,63,3200000,0,0.006951,78.250000,0,14260.3981569
test_debug,64,3250000,0,0.006940,78.300000,0,14482.8616071
test_debug,65,3300000,0,0.006907,78.310000,0,14705.264008
test_debug,66,3350000,0,0.007089,77.910000,0,14927.539876
test_debug,67,3400000,0,0.006974,78.230000,0,15149.8729119
test_debug,68,3450000,0,0.007106,77.660000,0,15372.2316971
test_debug,69,3500000,0,0.007114,77.900000,0,15594.5060589
test_debug,70,3550000,0,0.007170,77.690000,0,15816.9322729
test_debug,71,3600000,0,0.007212,77.510000,0,16039.2703581
test_debug,72,3650000,0,0.007375,77.390000,0,16261.617466
test_debug,73,3700000,0,0.007373,77.560000,0,16484.0303419
test_debug,74,3750000,0,0.007715,76.600000,0,16706.3436899
test_debug,75,3800000,0,0.007123,78.050000,0,16928.684895
test_debug,76,3850000,0,0.007485,76.960000,0,17150.977948
test_debug,77,3900000,0,0.007434,76.860000,0,17373.2870629
test_debug,78,3950000,0,0.007490,76.660000,0,17595.6366811
test_debug,79,4000000,0,0.007508,76.810000,0,17818.0321541
test_debug,80,4050000,0,0.007796,76.280000,0,18040.4256999
test_debug,81,4100000,0,0.007460,76.910000,0,18262.753562
test_debug,82,4150000,0,0.007655,76.910000,0,18485.1540239
test_debug,83,4200000,0,0.007613,76.380000,0,18707.4451101
test_debug,84,4250000,0,0.007287,77.000000,0,18929.838191
test_debug,85,4300000,0,0.007859,76.670000,0,19152.183533
test_debug,86,4350000,0,0.007916,75.990000,0,19374.4891689
test_debug,87,4400000,0,0.007574,76.610000,0,19596.8791881
test_debug,88,4450000,0,0.007804,76.200000,0,19819.2384369
test_debug,89,4500000,0,0.007852,76.200000,0,20041.571559
test_debug,90,4550000,0,0.007810,76.280000,0,20263.98771
test_debug,91,4600000,0,0.007836,76.240000,0,20486.382076
test_debug,92,4650000,0,0.007847,76.300000,0,20708.7527051
test_debug,93,4700000,0,0.007700,76.740000,0,20931.1268039
test_debug,94,4750000,0,0.007999,75.680000,0,21153.4705889
test_debug,95,4800000,0,0.008002,75.780000,0,21375.8549919
Setting learning rate to 0.001 at 4800128 backprops
test_debug,96,4850000,0,0.006481,79.810000,0,21598.1998241
test_debug,97,4900000,0,0.006388,80.070000,0,21820.57622
test_debug,98,4950000,0,0.006373,80.490000,0,22042.952002
test_debug,99,5000000,0,0.006322,80.550000,0,22265.3091271
test_debug,100,5050000,0,0.006367,80.630000,0,22487.7683661
test_debug,101,5100000,0,0.006340,80.650000,0,22710.19191
test_debug,102,5150000,0,0.006424,80.750000,0,22932.5679281
test_debug,103,5200000,0,0.006337,80.830000,0,23154.77828
test_debug,104,5250000,0,0.006375,80.790000,0,23376.904978
test_debug,105,5300000,0,0.006388,80.910000,0,23599.2446189
test_debug,106,5350000,0,0.006389,80.920000,0,23821.5205669
test_debug,107,5400000,0,0.006356,80.810000,0,24043.9679539
test_debug,108,5450000,0,0.006329,80.830000,0,24266.363508
test_debug,109,5500000,0,0.006342,80.980000,0,24488.79107
test_debug,110,5550000,0,0.006324,80.740000,0,24711.0619061
test_debug,111,5600000,0,0.006319,80.830000,0,24933.34184
test_debug,112,5650000,0,0.006317,80.850000,0,25155.63939
test_debug,113,5700000,0,0.006268,80.990000,0,25377.850982
test_debug,114,5750000,0,0.006295,80.980000,0,25600.178602
test_debug,115,5800000,0,0.006289,81.160000,0,25822.515563
test_debug,116,5850000,0,0.006300,81.000000,0,26044.9765971
test_debug,117,5900000,0,0.006329,80.900000,0,26267.3172791
test_debug,118,5950000,0,0.006320,80.950000,0,26489.660733
test_debug,119,6000000,0,0.006276,81.140000,0,26711.886673
test_debug,120,6050000,0,0.006267,80.920000,0,26934.129777
test_debug,121,6100000,0,0.006268,81.020000,0,27156.3297939
test_debug,122,6150000,0,0.006273,80.990000,0,27378.5955069
test_debug,123,6200000,0,0.006259,80.970000,0,27600.857028
test_debug,124,6250000,0,0.006269,80.780000,0,27823.1181791
test_debug,125,6300000,0,0.006314,80.780000,0,28045.3145781
test_debug,126,6350000,0,0.006350,80.790000,0,28267.4707501
test_debug,127,6400000,0,0.006314,81.000000,0,28489.6158121
test_debug,128,6450000,0,0.006330,80.950000,0,28711.7034869
test_debug,129,6500000,0,0.006306,80.860000,0,28933.938652
test_debug,130,6550000,0,0.006263,81.080000,0,29156.2184141
test_debug,131,6600000,0,0.006286,80.990000,0,29378.4459341
test_debug,132,6650000,0,0.006263,81.320000,0,29600.700577
test_debug,133,6700000,0,0.006284,81.050000,0,29823.043303
test_debug,134,6750000,0,0.006263,81.210000,0,30045.3228431
test_debug,135,6800000,0,0.006213,81.330000,0,30267.6849859
test_debug,136,6850000,0,0.006281,81.150000,0,30489.939333
test_debug,137,6900000,0,0.006269,81.030000,0,30712.0719359
test_debug,138,6950000,0,0.006239,81.140000,0,30934.4648049
test_debug,139,7000000,0,0.006292,81.310000,0,31156.7392969
test_debug,140,7050000,0,0.006286,81.060000,0,31379.021735
test_debug,141,7100000,0,0.006249,81.230000,0,31601.4394701
test_debug,142,7150000,0,0.006225,81.170000,0,31823.8037269
test_debug,143,7200000,0,0.006243,81.030000,0,32046.142359
test_debug,144,7250000,0,0.006279,81.180000,0,32268.526593
test_debug,145,7300000,0,0.006240,81.140000,0,32490.8590231
test_debug,146,7350000,0,0.006226,81.120000,0,32713.1372709
test_debug,147,7400000,0,0.006189,81.180000,0,32935.5286579
test_debug,148,7450000,0,0.006191,81.410000,0,33157.7882221
test_debug,149,7500000,0,0.006245,81.010000,0,33380.103857
test_debug,150,7550000,0,0.006195,81.330000,0,33602.5239811
test_debug,151,7600000,0,0.006202,81.170000,0,33824.828619
test_debug,152,7650000,0,0.006179,81.120000,0,34047.293973
test_debug,153,7700000,0,0.006195,81.100000,0,34269.6887529
test_debug,154,7750000,0,0.006162,81.040000,0,34492.0623069
test_debug,155,7800000,0,0.006239,81.040000,0,34714.4599249
test_debug,156,7850000,0,0.006232,81.200000,0,34936.7710581
test_debug,157,7900000,0,0.006236,81.170000,0,35159.213671
test_debug,158,7950000,0,0.006211,81.330000,0,35381.614521
test_debug,159,8000000,0,0.006189,81.130000,0,35603.9486649
test_debug,160,8050000,0,0.006193,81.260000,0,35826.21207
test_debug,161,8100000,0,0.006199,81.300000,0,36048.5625501
