Namespace(batch_size=128, calculator='relative', cuda=True, cutout=True, data_augmentation=True, dataset='cifar10', epochs=200, forwardlr=True, fp_selector='alwayson', kath_oversampling_rate=3, learning_rate=0.1, length=16, lr_sched='/home/ahjiang/Cutout/pytorch-cifar/data/config/sysml20//cifar10/lr_sched_cifar10_wideresnet', model='wideresnet', n_holes=1, no_cuda=False, output_dir='./logs', pickle_dir='./logs/pickles/', prob_pow=2, sb=True, seed=0, strategy='nofilter')
Files already downloaded and verified
500
[WARNING] RANDOMIZING 500 of TARGETS
Files already downloaded and verified
Setting learning rate to 0.1 at 128 backprops
test_debug,0,50000,0,0.010898,49.900000,0,190.258543015
test_debug,1,100000,0,0.012792,50.590000,0,314.470127821
test_debug,2,150000,0,0.008295,65.160000,0,435.913846016
test_debug,3,200000,0,0.006104,73.110000,0,560.103986979
test_debug,4,250000,0,0.007367,70.530000,0,683.092161894
test_debug,5,300000,0,0.006093,74.340000,0,806.557897806
test_debug,6,350000,0,0.005407,76.690000,0,929.289277792
test_debug,7,400000,0,0.006102,75.160000,0,1051.02360082
test_debug,8,450000,0,0.005972,74.820000,0,1174.36008286
test_debug,9,500000,0,0.005317,77.480000,0,1296.29642391
test_debug,10,550000,0,0.004242,82.260000,0,1419.55588484
test_debug,11,600000,0,0.005303,78.110000,0,1543.61423779
test_debug,12,650000,0,0.003876,82.920000,0,1667.05314994
test_debug,13,700000,0,0.004561,80.260000,0,1785.638026
test_debug,14,750000,0,0.004183,82.420000,0,1909.05742192
test_debug,15,800000,0,0.006192,75.820000,0,2031.21083879
test_debug,16,850000,0,0.005302,78.480000,0,2155.52950692
test_debug,17,900000,0,0.003710,84.010000,0,2278.02973199
test_debug,18,950000,0,0.004088,82.350000,0,2402.85882497
test_debug,19,1000000,0,0.004208,82.450000,0,2524.71121001
test_debug,20,1050000,0,0.004597,80.590000,0,2649.87411594
test_debug,21,1100000,0,0.004594,80.400000,0,2774.51500082
test_debug,22,1150000,0,0.003713,83.740000,0,2899.28700995
test_debug,23,1200000,0,0.005974,77.020000,0,3022.33599591
test_debug,24,1250000,0,0.004572,81.160000,0,3147.31075382
test_debug,25,1300000,0,0.004095,82.700000,0,3268.04719996
test_debug,26,1350000,0,0.003317,85.870000,0,3389.37187481
test_debug,27,1400000,0,0.003993,83.510000,0,3511.26091695
test_debug,28,1450000,0,0.003564,84.630000,0,3634.42652678
test_debug,29,1500000,0,0.006394,76.870000,0,3755.27095985
test_debug,30,1550000,0,0.003236,86.190000,0,3880.97436595
test_debug,31,1600000,0,0.004182,83.130000,0,4003.93320084
test_debug,32,1650000,0,0.003815,84.500000,0,4124.86230683
test_debug,33,1700000,0,0.003525,84.990000,0,4247.25111294
test_debug,34,1750000,0,0.004139,82.050000,0,4372.37722492
test_debug,35,1800000,0,0.004861,80.370000,0,4494.84961891
test_debug,36,1850000,0,0.004221,81.740000,0,4618.68456483
test_debug,37,1900000,0,0.003154,86.470000,0,4742.9306078
test_debug,38,1950000,0,0.003113,87.000000,0,4868.12213778
test_debug,39,2000000,0,0.003485,85.050000,0,4991.92118979
test_debug,40,2050000,0,0.003866,84.490000,0,5115.17961383
test_debug,41,2100000,0,0.003676,84.380000,0,5238.6325109
test_debug,42,2150000,0,0.004366,81.680000,0,5361.72755885
test_debug,43,2200000,0,0.003514,85.620000,0,5484.64354897
test_debug,44,2250000,0,0.003659,84.570000,0,5605.5218308
test_debug,45,2300000,0,0.003754,83.990000,0,5728.36475396
test_debug,46,2350000,0,0.003306,86.120000,0,5852.38197494
test_debug,47,2400000,0,0.003599,84.500000,0,5976.04807997
test_debug,48,2450000,0,0.004529,81.480000,0,6095.72514391
test_debug,49,2500000,0,0.002796,87.980000,0,6219.85467601
test_debug,50,2550000,0,0.003611,84.820000,0,6343.77035785
test_debug,51,2600000,0,0.003454,85.790000,0,6466.33629894
test_debug,52,2650000,0,0.004204,82.790000,0,6589.72728586
test_debug,53,2700000,0,0.003399,85.930000,0,6714.98724484
test_debug,54,2750000,0,0.003138,86.610000,0,6836.95472884
test_debug,55,2800000,0,0.003881,84.200000,0,6961.27968097
test_debug,56,2850000,0,0.003695,84.440000,0,7082.78693891
test_debug,57,2900000,0,0.003653,84.620000,0,7204.99536085
test_debug,58,2950000,0,0.003568,84.850000,0,7328.76670384
test_debug,59,3000000,0,0.004009,84.100000,0,7450.99948502
Setting learning rate to 0.02 at 3000128 backprops
test_debug,60,3050000,0,0.001568,93.110000,0,7573.78498888
test_debug,61,3100000,0,0.001468,93.730000,0,7695.67554688
test_debug,62,3150000,0,0.001393,94.140000,0,7817.44142294
test_debug,63,3200000,0,0.001453,93.900000,0,7943.33043098
test_debug,64,3250000,0,0.001567,93.520000,0,8064.88647485
test_debug,65,3300000,0,0.001499,93.930000,0,8188.58427501
test_debug,66,3350000,0,0.001459,94.130000,0,8312.84099698
test_debug,67,3400000,0,0.001813,92.340000,0,8435.35371995
test_debug,68,3450000,0,0.001624,93.270000,0,8559.24121594
test_debug,69,3500000,0,0.001535,93.810000,0,8685.51595783
test_debug,70,3550000,0,0.001518,93.930000,0,8808.37562084
test_debug,71,3600000,0,0.001812,92.990000,0,8928.02608895
test_debug,72,3650000,0,0.001580,93.500000,0,9049.69302583
test_debug,73,3700000,0,0.001559,93.660000,0,9173.36349797
test_debug,74,3750000,0,0.001696,93.100000,0,9298.19531894
test_debug,75,3800000,0,0.001799,92.570000,0,9420.26865602
test_debug,76,3850000,0,0.001538,93.810000,0,9543.68471289
test_debug,77,3900000,0,0.001676,93.170000,0,9666.39264488
test_debug,78,3950000,0,0.001690,92.850000,0,9788.65797496
test_debug,79,4000000,0,0.001834,92.820000,0,9914.3487289
test_debug,80,4050000,0,0.001816,92.610000,0,10035.085454
test_debug,81,4100000,0,0.001703,92.940000,0,10157.366071
test_debug,82,4150000,0,0.001552,93.790000,0,10281.2166419
test_debug,83,4200000,0,0.001717,93.460000,0,10401.8222818
test_debug,84,4250000,0,0.001723,92.900000,0,10525.3822289
test_debug,85,4300000,0,0.001749,92.710000,0,10650.471287
test_debug,86,4350000,0,0.001747,92.950000,0,10774.048625
test_debug,87,4400000,0,0.001516,93.840000,0,10899.392118
test_debug,88,4450000,0,0.001659,93.350000,0,11024.5641398
test_debug,89,4500000,0,0.001802,92.820000,0,11145.2234509
test_debug,90,4550000,0,0.001697,93.300000,0,11268.8175259
test_debug,91,4600000,0,0.001922,92.280000,0,11390.0777948
test_debug,92,4650000,0,0.001760,93.180000,0,11515.5419779
test_debug,93,4700000,0,0.001702,93.460000,0,11640.0960739
test_debug,94,4750000,0,0.001639,93.520000,0,11762.717454
test_debug,95,4800000,0,0.001876,92.520000,0,11887.3377049
test_debug,96,4850000,0,0.001901,92.520000,0,12010.3843269
test_debug,97,4900000,0,0.001577,93.740000,0,12132.3407969
test_debug,98,4950000,0,0.001643,93.450000,0,12255.6828299
test_debug,99,5000000,0,0.002042,92.290000,0,12376.2296619
test_debug,100,5050000,0,0.002014,91.910000,0,12500.1231718
test_debug,101,5100000,0,0.002010,92.140000,0,12625.4284129
test_debug,102,5150000,0,0.002203,92.100000,0,12747.0682168
test_debug,103,5200000,0,0.001797,92.760000,0,12873.7574048
test_debug,104,5250000,0,0.001803,92.850000,0,12997.9952109
test_debug,105,5300000,0,0.001653,93.250000,0,13120.3279419
test_debug,106,5350000,0,0.002187,91.650000,0,13244.2996328
test_debug,107,5400000,0,0.001899,92.680000,0,13367.1579869
test_debug,108,5450000,0,0.002166,91.670000,0,13493.155561
test_debug,109,5500000,0,0.001658,93.310000,0,13613.7643459
test_debug,110,5550000,0,0.001828,92.780000,0,13735.5285978
test_debug,111,5600000,0,0.001799,92.820000,0,13858.9065659
test_debug,112,5650000,0,0.001698,93.190000,0,13982.3919878
test_debug,113,5700000,0,0.001648,93.680000,0,14105.2807798
test_debug,114,5750000,0,0.001719,93.170000,0,14227.1262388
test_debug,115,5800000,0,0.002030,92.390000,0,14346.2001889
test_debug,116,5850000,0,0.001870,92.650000,0,14467.4438679
test_debug,117,5900000,0,0.001663,93.530000,0,14591.6492379
test_debug,118,5950000,0,0.001732,93.030000,0,14714.0484769
test_debug,119,6000000,0,0.001546,93.730000,0,14836.3004389
Setting learning rate to 0.004 at 6000128 backprops
test_debug,120,6050000,0,0.001084,95.930000,0,14958.249254
test_debug,121,6100000,0,0.001122,95.740000,0,15081.6019499
test_debug,122,6150000,0,0.001096,95.740000,0,15205.371321
test_debug,123,6200000,0,0.001108,95.830000,0,15329.9239869
test_debug,124,6250000,0,0.001085,95.930000,0,15452.3346529
test_debug,125,6300000,0,0.001124,96.150000,0,15573.252991
test_debug,126,6350000,0,0.001095,96.010000,0,15695.279434
test_debug,127,6400000,0,0.001096,96.280000,0,15820.4477689
test_debug,128,6450000,0,0.001069,96.100000,0,15942.6556699
test_debug,129,6500000,0,0.001114,95.960000,0,16064.9237628
test_debug,130,6550000,0,0.001070,96.180000,0,16186.6311178
test_debug,131,6600000,0,0.001194,95.940000,0,16309.6800978
test_debug,132,6650000,0,0.001204,95.890000,0,16433.9978349
test_debug,133,6700000,0,0.001184,96.000000,0,16557.6736009
test_debug,134,6750000,0,0.001242,95.780000,0,16679.2683079
test_debug,135,6800000,0,0.001156,96.180000,0,16801.4140618
test_debug,136,6850000,0,0.001250,95.930000,0,16922.859952
test_debug,137,6900000,0,0.001235,95.760000,0,17044.872273
test_debug,138,6950000,0,0.001180,95.940000,0,17168.5681839
test_debug,139,7000000,0,0.001205,95.870000,0,17296.1898549
test_debug,140,7050000,0,0.001225,95.940000,0,17417.1692238
test_debug,141,7100000,0,0.001290,95.620000,0,17541.5256279
test_debug,142,7150000,0,0.001143,96.180000,0,17663.9239528
test_debug,143,7200000,0,0.001158,96.130000,0,17785.670646
test_debug,144,7250000,0,0.001246,96.000000,0,17909.879272
test_debug,145,7300000,0,0.001190,95.860000,0,18032.8921468
test_debug,146,7350000,0,0.001170,96.070000,0,18157.4879079
test_debug,147,7400000,0,0.001194,96.100000,0,18281.4510789
test_debug,148,7450000,0,0.001204,95.970000,0,18404.6248078
test_debug,149,7500000,0,0.001241,95.820000,0,18527.1672089
test_debug,150,7550000,0,0.001240,96.000000,0,18652.1393759
test_debug,151,7600000,0,0.001172,95.860000,0,18774.2697878
test_debug,152,7650000,0,0.001171,96.090000,0,18899.5448959
test_debug,153,7700000,0,0.001332,95.760000,0,19020.7141249
test_debug,154,7750000,0,0.001295,95.680000,0,19147.2878678
test_debug,155,7800000,0,0.001235,95.920000,0,19271.6813328
test_debug,156,7850000,0,0.001410,95.420000,0,19393.3664498
test_debug,157,7900000,0,0.001318,95.670000,0,19516.0736399
test_debug,158,7950000,0,0.001306,95.830000,0,19639.548111
test_debug,159,8000000,0,0.001315,95.620000,0,19762.5787549
Setting learning rate to 0.0008 at 8000128 backprops
test_debug,160,8050000,0,0.001171,96.290000,0,19885.5042138
test_debug,161,8100000,0,0.001114,96.420000,0,20008.2621179
test_debug,162,8150000,0,0.001121,96.250000,0,20134.637769
test_debug,163,8200000,0,0.001118,96.250000,0,20260.0445788
test_debug,164,8250000,0,0.001132,96.320000,0,20382.8713899
test_debug,165,8300000,0,0.001135,96.320000,0,20508.018132
test_debug,166,8350000,0,0.001104,96.510000,0,20632.3126249
test_debug,167,8400000,0,0.001133,96.370000,0,20753.3432038
test_debug,168,8450000,0,0.001124,96.490000,0,20876.5180409
test_debug,169,8500000,0,0.001099,96.590000,0,21000.4647169
test_debug,170,8550000,0,0.001128,96.550000,0,21122.6018529
test_debug,171,8600000,0,0.001124,96.430000,0,21246.5508878
test_debug,172,8650000,0,0.001110,96.580000,0,21370.549912
test_debug,173,8700000,0,0.001139,96.480000,0,21493.3228478
test_debug,174,8750000,0,0.001124,96.400000,0,21616.7115948
test_debug,175,8800000,0,0.001087,96.590000,0,21739.0788908
test_debug,176,8850000,0,0.001116,96.370000,0,21860.3229339
test_debug,177,8900000,0,0.001093,96.470000,0,21986.4600968
test_debug,178,8950000,0,0.001124,96.450000,0,22110.1120369
test_debug,179,9000000,0,0.001122,96.500000,0,22232.998075
test_debug,180,9050000,0,0.001118,96.470000,0,22355.638613
test_debug,181,9100000,0,0.001148,96.500000,0,22479.6553109
test_debug,182,9150000,0,0.001144,96.470000,0,22602.6778879
test_debug,183,9200000,0,0.001175,96.320000,0,22725.6856499
test_debug,184,9250000,0,0.001164,96.410000,0,22851.3984289
test_debug,185,9300000,0,0.001145,96.400000,0,22973.1642659
test_debug,186,9350000,0,0.001134,96.590000,0,23094.7583468
test_debug,187,9400000,0,0.001150,96.400000,0,23220.5832469
test_debug,188,9450000,0,0.001111,96.480000,0,23340.1600518
test_debug,189,9500000,0,0.001128,96.520000,0,23465.5273938
test_debug,190,9550000,0,0.001135,96.440000,0,23591.0565679
test_debug,191,9600000,0,0.001129,96.480000,0,23714.030262
test_debug,192,9650000,0,0.001181,96.450000,0,23837.979852
test_debug,193,9700000,0,0.001161,96.420000,0,23960.0805659
test_debug,194,9750000,0,0.001154,96.440000,0,24082.3988409
test_debug,195,9800000,0,0.001135,96.420000,0,24207.2891638
test_debug,196,9850000,0,0.001156,96.390000,0,24332.3289838
test_debug,197,9900000,0,0.001174,96.460000,0,24453.895061
test_debug,198,9950000,0,0.001179,96.300000,0,24578.7122989
test_debug,199,10000000,0,0.001164,96.280000,0,24704.6559889
