Namespace(batch_size=128, calculator='relative', cuda=True, cutout=True, data_augmentation=True, dataset='cifar10', epochs=200, forwardlr=True, fp_selector='alwayson', kath_oversampling_rate=3, learning_rate=0.1, length=16, lr_sched='/home/ahjiang/Cutout/pytorch-cifar/data/config/sysml20//cifar10/lr_sched_cifar10_wideresnet', model='wideresnet', n_holes=1, no_cuda=False, output_dir='./logs', pickle_dir='./logs/pickles/', prob_pow=2, sb=True, seed=0, strategy='sb')
Files already downloaded and verified
500
[WARNING] RANDOMIZING 500 of TARGETS
Files already downloaded and verified
Setting learning rate to 0.1 at 128 backprops
test_debug,0,50000,0,0.011597,46.640000,0,216.760120869
test_debug,1,66613,33387,0.010363,55.450000,0,342.438685894
test_debug,2,83125,66811,0.009034,60.160000,0,467.414420843
test_debug,3,99698,100302,0.010270,56.490000,0,591.185608864
test_debug,4,116303,133697,0.008276,65.640000,0,720.797156811
test_debug,5,132922,167078,0.007887,67.160000,0,846.978883982
test_debug,6,149383,200617,0.007840,68.070000,0,976.78002882
test_debug,7,166151,233833,0.007148,72.350000,0,1100.63062501
test_debug,8,182998,267002,0.006336,75.210000,0,1225.81508398
test_debug,9,199736,300264,0.006450,72.700000,0,1355.28973079
test_debug,10,216432,333568,0.005091,79.160000,0,1482.67370296
test_debug,11,232982,367018,0.006288,74.770000,0,1608.27561402
test_debug,12,249538,400462,0.005488,77.170000,0,1737.81163192
test_debug,13,266148,433852,0.004831,81.640000,0,1865.89227986
test_debug,14,282729,467271,0.005715,76.030000,0,1994.472435
test_debug,15,299369,500563,0.005880,77.510000,0,2121.17492485
test_debug,16,316009,533916,0.004396,82.290000,0,2243.20206094
test_debug,17,332648,567352,0.003971,85.150000,0,2367.08678699
test_debug,18,349354,600646,0.004822,80.250000,0,2493.60537481
test_debug,19,366151,633849,0.004088,82.800000,0,2617.63629389
test_debug,20,382791,667151,0.003937,83.590000,0,2745.50668383
test_debug,21,399559,700367,0.003874,85.020000,0,2868.03583789
test_debug,22,416151,733849,0.003949,84.130000,0,2994.31542897
test_debug,23,432742,767258,0.004943,79.590000,0,3118.17682695
test_debug,24,449254,800705,0.003382,86.290000,0,3242.57737684
test_debug,25,465808,834192,0.003859,84.720000,0,3364.85789299
test_debug,26,482320,867641,0.003667,86.330000,0,3493.17970181
test_debug,27,498887,901113,0.003702,83.870000,0,3620.3299408
test_debug,28,515505,934495,0.003571,85.870000,0,3745.94373679
test_debug,29,532052,967948,0.004154,83.100000,0,3875.84185886
test_debug,30,548788,1001212,0.003341,86.820000,0,4001.32642388
test_debug,31,565300,1034637,0.003287,87.060000,0,4127.02857494
test_debug,32,582068,1067920,0.003270,86.710000,0,4251.63416386
test_debug,33,598695,1101305,0.003527,86.660000,0,4377.94402385
test_debug,34,615279,1134721,0.003029,87.090000,0,4504.75695682
test_debug,35,631889,1168111,0.003039,87.460000,0,4630.29358602
test_debug,36,648520,1201480,0.002783,88.610000,0,4755.76149201
test_debug,37,665218,1234782,0.003295,87.600000,0,4884.00991702
test_debug,38,681880,1268120,0.004066,84.180000,0,5007.46735597
test_debug,39,698549,1301451,0.002795,87.930000,0,5135.39539695
test_debug,40,715129,1334871,0.003171,87.480000,0,5267.45418501
test_debug,41,731733,1368267,0.003113,87.250000,0,5394.1415379
test_debug,42,748408,1401592,0.003391,86.380000,0,5520.47614789
test_debug,43,765046,1434954,0.003101,87.240000,0,5648.95671892
test_debug,44,781712,1468288,0.003395,85.570000,0,5773.20504189
test_debug,45,798344,1501656,0.003050,87.150000,0,5898.25190783
test_debug,46,815076,1534924,0.003128,86.740000,0,6023.61984301
test_debug,47,831755,1568245,0.002659,88.990000,0,6147.84068179
test_debug,48,848393,1601607,0.002762,88.670000,0,6271.91898298
test_debug,49,864861,1635139,0.002957,87.970000,0,6395.95293593
test_debug,50,881616,1668384,0.003171,87.360000,0,6520.56887197
test_debug,51,898338,1701662,0.002906,88.680000,0,6645.52793193
test_debug,52,914895,1735105,0.002931,88.520000,0,6773.43118596
test_debug,53,931569,1768431,0.002635,89.050000,0,6899.94993782
test_debug,54,948081,1801864,0.003202,87.110000,0,7024.9269309
test_debug,55,964700,1835300,0.002627,89.350000,0,7152.96446991
test_debug,56,981247,1868753,0.004881,80.550000,0,7277.19504499
test_debug,57,997884,1902116,0.002707,89.710000,0,7402.15955091
test_debug,58,1014558,1935442,0.002751,88.900000,0,7521.37598586
Setting learning rate to 0.02 at 1031261 backprops
test_debug,59,1031261,1968739,0.003811,84.960000,0,7645.75970697
test_debug,60,1047872,2002128,0.001527,93.730000,0,7770.42235589
test_debug,61,1064323,2035677,0.001474,94.130000,0,7895.16905284
test_debug,62,1080959,2069041,0.001576,93.740000,0,8021.56067181
test_debug,63,1097599,2102350,0.001523,93.780000,0,8150.31573582
test_debug,64,1114336,2135664,0.001394,94.390000,0,8276.32437491
test_debug,65,1130914,2169086,0.001447,94.230000,0,8399.78449798
test_debug,66,1147554,2202433,0.001422,94.360000,0,8524.10649395
test_debug,67,1164450,2235548,0.001511,93.950000,0,8645.76389098
test_debug,68,1181023,2268977,0.001521,93.980000,0,8771.0753119
test_debug,69,1197629,2302371,0.001433,94.210000,0,8896.88904095
test_debug,70,1214323,2335677,0.001561,93.950000,0,9021.47638083
test_debug,71,1230835,2369145,0.001481,94.310000,0,9146.78884292
test_debug,72,1247474,2402526,0.001514,93.850000,0,9266.99028087
test_debug,73,1264114,2435852,0.001628,93.420000,0,9391.30156589
test_debug,74,1280610,2469390,0.001526,93.920000,0,9519.79986596
test_debug,75,1297226,2502774,0.001453,94.260000,0,9641.94452596
test_debug,76,1313982,2536018,0.001545,93.910000,0,9769.18197989
test_debug,77,1330622,2569343,0.001564,93.910000,0,9895.21136689
test_debug,78,1347227,2602773,0.001580,93.630000,0,10018.6203859
test_debug,79,1363938,2636062,0.001554,94.240000,0,10142.1054878
test_debug,80,1380635,2669365,0.001590,94.050000,0,10268.979167
test_debug,81,1397349,2702651,0.001574,94.160000,0,10392.8731968
test_debug,82,1413972,2736028,0.001625,93.870000,0,10521.5366838
test_debug,83,1430660,2769340,0.001778,93.290000,0,10653.0879109
test_debug,84,1447300,2802675,0.001633,94.000000,0,10775.206933
test_debug,85,1463924,2836076,0.001659,93.310000,0,10901.5718229
test_debug,86,1480592,2869408,0.002058,92.620000,0,11027.184088
test_debug,87,1497271,2902729,0.001665,93.560000,0,11152.1590078
test_debug,88,1513891,2936109,0.001649,93.750000,0,11280.2286699
test_debug,89,1530518,2969482,0.001534,93.970000,0,11403.460454
test_debug,90,1547266,3002734,0.001693,93.740000,0,11527.851218
test_debug,91,1563881,3036119,0.001690,93.750000,0,11654.178385
test_debug,92,1580649,3069314,0.001819,93.250000,0,11776.5427279
test_debug,93,1597254,3102746,0.001713,93.640000,0,11901.182076
test_debug,94,1613930,3136070,0.001970,92.690000,0,12032.076108
test_debug,95,1630634,3169366,0.001681,93.490000,0,12156.2292829
test_debug,96,1647214,3202786,0.001684,93.570000,0,12282.63062
test_debug,97,1663697,3236303,0.001651,93.700000,0,12404.2459688
test_debug,98,1680407,3269593,0.001697,93.760000,0,12527.421016
test_debug,99,1697303,3302671,0.001789,93.230000,0,12652.807416
test_debug,100,1713967,3336033,0.001964,92.700000,0,12777.6991599
test_debug,101,1730579,3369421,0.001735,93.520000,0,12900.5079398
test_debug,102,1747206,3402794,0.001750,93.460000,0,13025.4903309
test_debug,103,1763657,3436343,0.001622,93.840000,0,13151.562196
test_debug,104,1780352,3469648,0.002054,92.690000,0,13277.106395
test_debug,105,1796943,3503057,0.001552,94.110000,0,13403.4403069
test_debug,106,1813614,3536386,0.001697,93.390000,0,13531.1491199
test_debug,107,1830196,3569804,0.001820,93.440000,0,13657.8298469
test_debug,108,1846894,3603106,0.001843,93.160000,0,13781.9205229
test_debug,109,1863790,3636162,0.001655,93.580000,0,13903.950011
test_debug,110,1880558,3669387,0.001801,93.070000,0,14024.1792328
test_debug,111,1897198,3702782,0.001618,94.070000,0,14147.2855489
test_debug,112,1913862,3736138,0.002106,92.170000,0,14271.1567638
test_debug,113,1930393,3769607,0.001941,92.670000,0,14399.2360108
test_debug,114,1947020,3802980,0.001675,93.590000,0,14525.613117
test_debug,115,1963695,3836305,0.001903,92.830000,0,14653.524945
test_debug,116,1980400,3869600,0.001647,93.570000,0,14779.5640159
test_debug,117,1997217,3902783,0.001998,91.990000,0,14902.1350939
test_debug,118,2013728,3936272,0.001676,93.780000,0,15026.1605139
Setting learning rate to 0.004 at 2030423 backprops
test_debug,119,2030423,3969577,0.001908,92.820000,0,15151.7070279
test_debug,120,2047017,4002983,0.001177,95.520000,0,15279.119556
test_debug,121,2063578,4036422,0.001221,95.450000,0,15406.475615
test_debug,122,2080262,4069738,0.001188,95.810000,0,15529.6221659
test_debug,123,2096999,4103001,0.001212,95.670000,0,15655.014544
test_debug,124,2113511,4136457,0.001220,95.760000,0,15781.4389169
test_debug,125,2130264,4169736,0.001225,95.820000,0,15905.230634
test_debug,126,2146758,4203242,0.001258,95.860000,0,16030.7326469
test_debug,127,2163387,4236613,0.001247,95.800000,0,16162.2618239
test_debug,128,2179974,4270026,0.001293,95.750000,0,16285.149267
test_debug,129,2196614,4303329,0.001253,95.800000,0,16410.6554039
test_debug,130,2213337,4336663,0.001297,95.860000,0,16536.9029529
test_debug,131,2230010,4369990,0.001355,95.760000,0,16660.7319808
test_debug,132,2246583,4403417,0.001309,95.830000,0,16791.1119959
test_debug,133,2263297,4436703,0.001318,95.900000,0,16916.0293758
test_debug,134,2280013,4469987,0.001282,95.830000,0,17040.0936899
test_debug,135,2296611,4503389,0.001287,95.910000,0,17167.7307758
test_debug,136,2313251,4536693,0.001326,96.010000,0,17293.5557439
test_debug,137,2330079,4569921,0.001359,95.770000,0,17423.4467669
test_debug,138,2346719,4603245,0.001314,95.790000,0,17547.506439
test_debug,139,2363221,4636779,0.001275,96.080000,0,17671.1762359
test_debug,140,2379855,4670145,0.001336,95.960000,0,17800.2531719
test_debug,141,2396550,4703450,0.001368,95.780000,0,17926.083267
test_debug,142,2413113,4736887,0.001373,95.880000,0,18053.4587219
test_debug,143,2429747,4770253,0.001409,95.660000,0,18179.297658
test_debug,144,2446486,4803514,0.001456,95.560000,0,18305.4783139
test_debug,145,2463254,4836736,0.001344,96.010000,0,18429.8692498
test_debug,146,2479810,4870190,0.001379,95.690000,0,18553.5127828
test_debug,147,2496500,4903500,0.001386,95.830000,0,18679.453084
test_debug,148,2513194,4936806,0.001360,95.910000,0,18803.6038959
test_debug,149,2529831,4970169,0.001397,95.990000,0,18928.2400758
test_debug,150,2546557,5003443,0.001353,95.900000,0,19054.0405259
test_debug,151,2563247,5036753,0.001381,95.710000,0,19178.982811
test_debug,152,2579983,5070017,0.001416,95.650000,0,19302.958689
test_debug,153,2596462,5103538,0.001393,95.820000,0,19429.530515
test_debug,154,2613086,5136914,0.001421,95.700000,0,19552.9364629
test_debug,155,2629758,5170242,0.001406,95.730000,0,19679.183265
test_debug,156,2646322,5203678,0.001460,95.750000,0,19805.7517669
test_debug,157,2663006,5236994,0.001412,95.880000,0,19931.7669308
test_debug,158,2679742,5270258,0.001507,95.770000,0,20057.0898969
Setting learning rate to 0.0008 at 2696254 backprops
test_debug,159,2696254,5303692,0.001418,95.730000,0,20182.1056368
test_debug,160,2712869,5337131,0.001321,95.970000,0,20309.3497269
test_debug,161,2729424,5370576,0.001324,96.070000,0,20434.7641499
test_debug,162,2746115,5403885,0.001324,96.040000,0,20557.585073
test_debug,163,2762922,5437078,0.001318,96.040000,0,20684.5610888
test_debug,164,2779558,5470442,0.001306,96.120000,0,20810.98912
test_debug,165,2796193,5503807,0.001314,96.050000,0,20936.064353
test_debug,166,2812886,5537114,0.001281,96.120000,0,21064.6392779
test_debug,167,2829511,5570489,0.001313,95.970000,0,21188.4833329
test_debug,168,2846150,5603850,0.001328,96.030000,0,21312.1943769
test_debug,169,2862817,5637183,0.001318,96.100000,0,21439.6134689
test_debug,170,2879500,5670500,0.001326,96.090000,0,21563.2338128
test_debug,171,2896127,5703873,0.001305,96.070000,0,21688.5583799
test_debug,172,2912639,5737318,0.001342,95.900000,0,21813.294529
test_debug,173,2929185,5770815,0.001345,96.030000,0,21935.4254339
test_debug,174,2945809,5804191,0.001342,96.010000,0,22059.847399
test_debug,175,2962376,5837624,0.001330,96.150000,0,22185.9703648
test_debug,176,2979069,5870931,0.001333,96.110000,0,22309.693579
test_debug,177,2995668,5904332,0.001320,96.200000,0,22431.1581428
test_debug,178,3012256,5937744,0.001320,96.170000,0,22554.308229
test_debug,179,3028768,5971214,0.001331,96.140000,0,22680.369606
test_debug,180,3045396,6004604,0.001342,96.050000,0,22805.8101728
test_debug,181,3061990,6038010,0.001343,96.120000,0,22929.50282
test_debug,182,3078559,6071441,0.001328,96.150000,0,23053.5587318
test_debug,183,3095312,6104688,0.001314,96.150000,0,23181.937299
test_debug,184,3111905,6138095,0.001306,96.110000,0,23306.3887758
test_debug,185,3128584,6171416,0.001342,96.130000,0,23430.0851469
test_debug,186,3145298,6204702,0.001363,96.120000,0,23555.6381948
test_debug,187,3162014,6237986,0.001391,96.050000,0,23677.2178819
test_debug,188,3178716,6271284,0.001364,96.270000,0,23802.5826478
test_debug,189,3195262,6304738,0.001352,96.140000,0,23924.182282
test_debug,190,3211967,6338033,0.001347,96.210000,0,24048.3767169
test_debug,191,3228535,6371465,0.001354,96.190000,0,24174.3297739
test_debug,192,3245096,6404904,0.001375,96.260000,0,24300.4177208
test_debug,193,3261581,6438419,0.001366,96.180000,0,24426.370703
test_debug,194,3278135,6471865,0.001349,96.170000,0,24554.8034589
test_debug,195,3294936,6505064,0.001347,96.260000,0,24677.0162449
test_debug,196,3311609,6538391,0.001359,96.140000,0,24792.9034669
test_debug,197,3328321,6571679,0.001354,96.220000,0,24898.372247
test_debug,198,3345002,6604998,0.001341,96.220000,0,24994.8514099
test_debug,199,3361759,6638241,0.001339,96.110000,0,25081.530268
