Namespace(batch_size=128, calculator='relative', cuda=True, cutout=True, data_augmentation=False, dataset='svhn', forwardlr=True, fp_selector='alwayson', hours=76.0, kath_oversampling_rate=4.0, learning_rate=0.1, length=20, lr_sched='/users/ahjiang/src/Cutout/pytorch-cifar/data/config/sysml20//svhn/lr_sched_svhn_wideresnet_0.8x', model='wideresnet', n_holes=1, no_cuda=False, output_dir='./logs', prob_pow=3.0, sb=True, seed=0, staleness=2, strategy='nofilter')
Using downloaded and verified file: data/train_32x32.mat
Using downloaded and verified file: data/extra_32x32.mat
Using downloaded and verified file: data/test_32x32.mat
Setting learning rate to 0.1 at 128 backprops
test_debug,0,604388,0,0.001478,94.937001,0,2528.36670113
test_debug,1,1208776,0,0.001495,94.902428,0,4751.56935406
test_debug,2,1813164,0,0.001814,93.461893,0,6975.75930595
test_debug,3,2417552,0,0.001490,94.817916,0,9197.32530308
test_debug,4,3021940,0,0.001849,93.020129,0,11419.0308871
test_debug,5,3626328,0,0.001759,93.580977,0,13640.2653291
test_debug,6,4230716,0,0.001574,94.468347,0,15860.540082
test_debug,7,4835104,0,0.001692,93.799939,0,18085.9680791
test_debug,8,5439492,0,0.001412,95.202059,0,20312.4787111
test_debug,9,6043880,0,0.002076,92.267210,0,22535.633749
test_debug,10,6648268,0,0.001723,93.961278,0,24756.378943
test_debug,11,7252656,0,0.001464,94.860172,0,26979.290205
test_debug,12,7857044,0,0.001477,94.956208,0,29201.4720531
test_debug,13,8461432,0,0.001967,92.755071,0,31425.7716191
test_debug,14,9065820,0,0.001704,93.892133,0,33655.2923031
test_debug,15,9670208,0,0.001589,94.433774,0,35876.6897151
test_debug,16,10274596,0,0.001654,94.061156,0,38098.2125261
test_debug,17,10878984,0,0.001753,93.892133,0,40320.1171861
test_debug,18,11483372,0,0.001370,95.421020,0,42544.161006
test_debug,19,12087760,0,0.001504,94.810234,0,44766.7207921
test_debug,20,12692148,0,0.001576,94.472188,0,46995.276371
test_debug,21,13296536,0,0.001933,93.158420,0,49218.857981
test_debug,22,13900924,0,0.001746,93.853719,0,51441.256916
test_debug,23,14505312,0,0.001488,94.898586,0,53666.99878
test_debug,24,15109700,0,0.001512,94.648894,0,55888.1874571
test_debug,25,15714088,0,0.001557,94.533651,0,58111.5015371
test_debug,26,16318476,0,0.001438,95.094499,0,60333.560946
test_debug,27,16922864,0,0.001800,93.577136,0,62553.6518981
test_debug,28,17527252,0,0.001517,94.894745,0,64772.1816251
test_debug,29,18131640,0,0.001978,92.693608,0,66991.4696519
test_debug,30,18736028,0,0.001904,93.281346,0,69216.3986721
test_debug,31,19340416,0,0.001739,93.895974,0,71435.4764571
test_debug,32,19944804,0,0.001431,94.983098,0,73655.0459621
test_debug,33,20549192,0,0.001540,94.610479,0,75874.093472
test_debug,34,21153580,0,0.001782,93.492624,0,78091.7286761
test_debug,35,21757968,0,0.001837,93.231407,0,80314.0071461
test_debug,36,22362356,0,0.001486,94.779502,0,82531.9165339
test_debug,37,22966744,0,0.001597,94.379994,0,84751.633455
test_debug,38,23571132,0,0.001715,93.911340,0,86972.611686
test_debug,39,24175520,0,0.001635,94.341580,0,89190.1827061
test_debug,40,24779908,0,0.001880,93.765366,0,91411.3916781
test_debug,41,25384296,0,0.001450,95.044561,0,93630.623919
test_debug,42,25988684,0,0.001751,93.746159,0,95849.4699521
test_debug,43,26593072,0,0.001667,94.045790,0,98068.6177921
test_debug,44,27197460,0,0.001684,94.064997,0,100291.036867
test_debug,45,27801848,0,0.001467,95.175169,0,102513.596291
test_debug,46,28406236,0,0.001343,95.440227,0,104738.146536
test_debug,47,29010624,0,0.001527,94.821758,0,106963.020153
Setting learning rate to 0.01 at 29010752 backprops
test_debug,48,29615012,0,0.000938,97.122772,0,109184.753042
test_debug,49,30219400,0,0.000905,97.211125,0,111407.877052
test_debug,50,30823788,0,0.000909,97.318685,0,113630.417218
test_debug,51,31428176,0,0.000959,96.972956,0,115851.515616
test_debug,52,32032564,0,0.000939,97.022895,0,118079.032204
test_debug,53,32636952,0,0.000936,96.972956,0,120298.589865
test_debug,54,33241340,0,0.000868,97.380148,0,122520.154723
test_debug,55,33845728,0,0.000893,97.218808,0,124741.966762
test_debug,56,34450116,0,0.000908,97.053626,0,126964.870655
test_debug,57,35054504,0,0.000884,97.253380,0,129182.214348
test_debug,58,35658892,0,0.000881,97.360940,0,131399.582818
test_debug,59,36263280,0,0.000891,97.326368,0,133619.47694
test_debug,60,36867668,0,0.000874,97.345575,0,135839.762008
test_debug,61,37472056,0,0.000854,97.430086,0,138061.829571
test_debug,62,38076444,0,0.000856,97.353258,0,140284.385983
test_debug,63,38680832,0,0.000851,97.445452,0,142506.502297
test_debug,64,39285220,0,0.000883,97.191918,0,144727.974666
test_debug,65,39889608,0,0.000859,97.360940,0,146950.613733
test_debug,66,40493996,0,0.000865,97.349416,0,149168.952906
test_debug,67,41098384,0,0.000820,97.495390,0,151388.821149
test_debug,68,41702772,0,0.000866,97.318685,0,153607.911308
test_debug,69,42307160,0,0.000852,97.353258,0,155829.214776
test_debug,70,42911548,0,0.000847,97.383989,0,158052.416571
test_debug,71,43515936,0,0.000843,97.403196,0,160274.844905
test_debug,72,44120324,0,0.000886,97.184235,0,162498.354593
test_debug,73,44724712,0,0.000818,97.622157,0,164719.877393
test_debug,74,45329100,0,0.000800,97.518439,0,166940.542123
test_debug,75,45933488,0,0.000891,97.280270,0,169163.610011
test_debug,76,46537876,0,0.000861,97.391672,0,171388.225995
test_debug,77,47142264,0,0.000832,97.476183,0,173607.887651
test_debug,78,47746652,0,0.000835,97.418562,0,175826.667984
test_debug,79,48351040,0,0.000907,97.272588,0,178048.189464
test_debug,80,48955428,0,0.000862,97.418562,0,180269.763284
test_debug,81,49559816,0,0.000886,97.326368,0,182494.862853
test_debug,82,50164204,0,0.000831,97.483866,0,184714.406725
test_debug,83,50768592,0,0.000856,97.368623,0,186938.385597
test_debug,84,51372980,0,0.000864,97.261063,0,189159.407164
test_debug,85,51977368,0,0.000844,97.522280,0,191380.185537
test_debug,86,52581756,0,0.000876,97.268746,0,193599.915956
test_debug,87,53186144,0,0.000853,97.399355,0,195823.081842
test_debug,88,53790532,0,0.000844,97.491549,0,198042.750761
test_debug,89,54394920,0,0.000905,97.207283,0,200264.587154
test_debug,90,54999308,0,0.000845,97.468500,0,202483.937794
test_debug,91,55603696,0,0.000872,97.353258,0,204707.580513
test_debug,92,56208084,0,0.000826,97.514597,0,206935.739263
test_debug,93,56812472,0,0.000842,97.514597,0,209158.91978
test_debug,94,57416860,0,0.000878,97.330209,0,211382.250397
test_debug,95,58021248,0,0.000893,97.261063,0,213605.182906
Setting learning rate to 0.001 at 58021376 backprops
test_debug,96,58625636,0,0.000685,98.017824,0,215827.443117
