Namespace(batch_size=128, calculator='relative', cuda=True, cutout=True, data_augmentation=True, dataset='cifar10', forwardlr=True, fp_selector='alwayson', hours=12.0, kath_oversampling_rate=4, learning_rate=0.1, length=16, lr_sched='/users/ahjiang/src/Cutout/pytorch-cifar/data/config/sysml20//cifar10/lr_sched_cifar10_wideresnet', model='wideresnet', n_holes=1, no_cuda=False, output_dir='./logs', prob_pow=3, sb=True, seed=0, staleness=2, strategy='nofilter')
Files already downloaded and verified
Files already downloaded and verified
Setting learning rate to 0.1 at 128 backprops
test_debug,0,50000,0,0.010962,53.160000,0,237.760203123
test_debug,1,100000,0,0.009720,60.250000,0,459.211596966
test_debug,2,150000,0,0.015891,49.930000,0,680.730163097
test_debug,3,200000,0,0.010423,57.960000,0,902.274466038
test_debug,4,250000,0,0.006185,73.170000,0,1123.73084998
test_debug,5,300000,0,0.006584,72.090000,0,1345.268085
test_debug,6,350000,0,0.005043,78.390000,0,1566.76651216
test_debug,7,400000,0,0.004743,80.160000,0,1788.23789215
test_debug,8,450000,0,0.005522,76.250000,0,2009.64330196
test_debug,9,500000,0,0.004576,80.690000,0,2231.07042313
test_debug,10,550000,0,0.004055,83.110000,0,2452.45671511
test_debug,11,600000,0,0.004292,81.800000,0,2673.82516217
test_debug,12,650000,0,0.006107,76.420000,0,2895.22410917
test_debug,13,700000,0,0.004673,80.590000,0,3116.52936506
test_debug,14,750000,0,0.003359,85.470000,0,3337.81286812
test_debug,15,800000,0,0.004742,81.030000,0,3559.08077812
test_debug,16,850000,0,0.004744,80.900000,0,3780.36359811
test_debug,17,900000,0,0.006647,72.980000,0,4001.67785811
test_debug,18,950000,0,0.003739,84.000000,0,4222.97583413
test_debug,19,1000000,0,0.003532,84.960000,0,4444.27132702
test_debug,20,1050000,0,0.003258,85.790000,0,4665.52215815
test_debug,21,1100000,0,0.003448,85.660000,0,4886.82264805
test_debug,22,1150000,0,0.004595,81.060000,0,5108.25551915
test_debug,23,1200000,0,0.004112,84.140000,0,5329.60860109
test_debug,24,1250000,0,0.003493,84.560000,0,5550.88535905
test_debug,25,1300000,0,0.003702,84.370000,0,5772.25411296
test_debug,26,1350000,0,0.003991,83.090000,0,5993.58029819
test_debug,27,1400000,0,0.005280,80.260000,0,6214.84068704
test_debug,28,1450000,0,0.004168,82.700000,0,6436.19115305
test_debug,29,1500000,0,0.004656,81.140000,0,6657.50919008
test_debug,30,1550000,0,0.003368,86.130000,0,6878.79850507
test_debug,31,1600000,0,0.003095,86.700000,0,7100.00413299
test_debug,32,1650000,0,0.004270,82.480000,0,7321.24242401
test_debug,33,1700000,0,0.004349,82.100000,0,7542.434762
test_debug,34,1750000,0,0.003686,85.010000,0,7763.65947509
test_debug,35,1800000,0,0.003322,85.920000,0,7984.85297704
test_debug,36,1850000,0,0.003217,85.900000,0,8206.07612514
test_debug,37,1900000,0,0.003861,84.290000,0,8427.30452704
test_debug,38,1950000,0,0.004274,81.870000,0,8648.47526717
test_debug,39,2000000,0,0.003852,84.050000,0,8869.69203806
test_debug,40,2050000,0,0.003987,84.320000,0,9090.86872816
test_debug,41,2100000,0,0.002919,87.180000,0,9312.07013798
test_debug,42,2150000,0,0.004194,83.520000,0,9533.17220616
test_debug,43,2200000,0,0.003054,87.360000,0,9754.29998517
test_debug,44,2250000,0,0.003396,85.720000,0,9975.44938612
test_debug,45,2300000,0,0.003150,85.890000,0,10196.6998432
test_debug,46,2350000,0,0.003217,86.520000,0,10417.777112
test_debug,47,2400000,0,0.004529,82.060000,0,10638.9742231
test_debug,48,2450000,0,0.003015,87.500000,0,10860.133435
test_debug,49,2500000,0,0.003671,84.730000,0,11081.402487
test_debug,50,2550000,0,0.002883,87.520000,0,11302.6813471
test_debug,51,2600000,0,0.005834,78.670000,0,11523.9294441
test_debug,52,2650000,0,0.002979,87.660000,0,11745.2505291
test_debug,53,2700000,0,0.003085,87.570000,0,11966.5499392
test_debug,54,2750000,0,0.004195,83.760000,0,12187.8308651
test_debug,55,2800000,0,0.003192,86.230000,0,12409.0461361
test_debug,56,2850000,0,0.004175,83.550000,0,12630.2716141
test_debug,57,2900000,0,0.003135,86.550000,0,12851.4877892
test_debug,58,2950000,0,0.002794,88.240000,0,13072.6952121
test_debug,59,3000000,0,0.004048,83.540000,0,13294.006654
Setting learning rate to 0.02 at 3000128 backprops
test_debug,60,3050000,0,0.001494,93.620000,0,13515.2808161
test_debug,61,3100000,0,0.001513,93.630000,0,13736.5157602
test_debug,62,3150000,0,0.001439,93.870000,0,13957.7492261
test_debug,63,3200000,0,0.001398,94.120000,0,14178.976089
test_debug,64,3250000,0,0.001534,93.680000,0,14400.234035
test_debug,65,3300000,0,0.001398,94.160000,0,14621.5406411
test_debug,66,3350000,0,0.001438,93.920000,0,14842.7501421
test_debug,67,3400000,0,0.001389,94.160000,0,15063.981734
test_debug,68,3450000,0,0.001574,93.490000,0,15285.224437
test_debug,69,3500000,0,0.001597,93.450000,0,15506.4952791
test_debug,70,3550000,0,0.001469,93.870000,0,15727.7498541
test_debug,71,3600000,0,0.001434,94.120000,0,15948.9308882
test_debug,72,3650000,0,0.001506,93.730000,0,16170.153367
test_debug,73,3700000,0,0.001745,93.200000,0,16391.415483
test_debug,74,3750000,0,0.001632,93.420000,0,16612.7336991
test_debug,75,3800000,0,0.001603,93.580000,0,16833.8809371
test_debug,76,3850000,0,0.001641,93.310000,0,17055.1670082
test_debug,77,3900000,0,0.001613,93.610000,0,17276.3470302
test_debug,78,3950000,0,0.001857,92.640000,0,17497.623188
test_debug,79,4000000,0,0.001549,93.440000,0,17718.868293
test_debug,80,4050000,0,0.001656,93.200000,0,17940.0456932
test_debug,81,4100000,0,0.001725,92.790000,0,18161.1625051
test_debug,82,4150000,0,0.001840,92.810000,0,18382.307163
test_debug,83,4200000,0,0.001755,93.010000,0,18603.527571
test_debug,84,4250000,0,0.001741,93.090000,0,18824.709702
test_debug,85,4300000,0,0.001667,93.130000,0,19045.980093
test_debug,86,4350000,0,0.001515,93.470000,0,19267.161967
test_debug,87,4400000,0,0.001817,92.770000,0,19488.3119352
test_debug,88,4450000,0,0.001858,92.420000,0,19709.3860052
test_debug,89,4500000,0,0.001579,93.450000,0,19930.4652181
test_debug,90,4550000,0,0.001686,93.260000,0,20151.5645041
test_debug,91,4600000,0,0.001660,93.420000,0,20372.71035
test_debug,92,4650000,0,0.001615,93.220000,0,20593.866365
test_debug,93,4700000,0,0.001916,92.400000,0,20815.0068281
test_debug,94,4750000,0,0.001753,93.180000,0,21036.2028041
test_debug,95,4800000,0,0.001870,92.540000,0,21257.287761
test_debug,96,4850000,0,0.001795,92.640000,0,21478.3697171
test_debug,97,4900000,0,0.001816,92.630000,0,21699.480515
test_debug,98,4950000,0,0.001672,93.210000,0,21920.5452731
test_debug,99,5000000,0,0.001481,94.090000,0,22141.676765
test_debug,100,5050000,0,0.001807,92.910000,0,22362.808826
test_debug,101,5100000,0,0.001889,92.450000,0,22584.001251
test_debug,102,5150000,0,0.001814,93.060000,0,22805.211746
test_debug,103,5200000,0,0.001627,93.770000,0,23026.3748901
test_debug,104,5250000,0,0.001652,93.580000,0,23247.5676141
test_debug,105,5300000,0,0.001539,93.860000,0,23468.768086
test_debug,106,5350000,0,0.001786,93.180000,0,23689.998745
test_debug,107,5400000,0,0.001505,93.910000,0,23911.181289
test_debug,108,5450000,0,0.001690,93.250000,0,24132.4624841
test_debug,109,5500000,0,0.001713,93.430000,0,24353.6366301
test_debug,110,5550000,0,0.001614,93.760000,0,24574.8105662
test_debug,111,5600000,0,0.001886,92.800000,0,24795.90659
test_debug,112,5650000,0,0.002475,90.700000,0,25017.0168102
test_debug,113,5700000,0,0.001582,93.490000,0,25238.1890762
test_debug,114,5750000,0,0.001758,92.980000,0,25459.3462012
test_debug,115,5800000,0,0.002115,92.160000,0,25680.5716941
test_debug,116,5850000,0,0.001513,93.900000,0,25901.75284
test_debug,117,5900000,0,0.001843,93.160000,0,26122.994164
test_debug,118,5950000,0,0.001890,92.470000,0,26344.187454
test_debug,119,6000000,0,0.001607,93.650000,0,26565.366498
Setting learning rate to 0.004 at 6000128 backprops
test_debug,120,6050000,0,0.000978,96.130000,0,26786.5065272
test_debug,121,6100000,0,0.001000,96.190000,0,27007.709239
test_debug,122,6150000,0,0.000987,96.270000,0,27228.8668902
test_debug,123,6200000,0,0.000961,96.430000,0,27450.0778382
test_debug,124,6250000,0,0.000951,96.550000,0,27671.3378661
test_debug,125,6300000,0,0.000975,96.430000,0,27892.5624011
test_debug,126,6350000,0,0.000967,96.470000,0,28113.7895432
test_debug,127,6400000,0,0.000953,96.360000,0,28334.956754
test_debug,128,6450000,0,0.001009,96.290000,0,28556.1390281
test_debug,129,6500000,0,0.000980,96.460000,0,28777.3102081
test_debug,130,6550000,0,0.001022,96.300000,0,28998.5241911
test_debug,131,6600000,0,0.000964,96.440000,0,29219.6759791
test_debug,132,6650000,0,0.001014,96.300000,0,29440.9575691
test_debug,133,6700000,0,0.001025,96.470000,0,29662.2004921
test_debug,134,6750000,0,0.000964,96.630000,0,29883.405858
test_debug,135,6800000,0,0.000991,96.360000,0,30104.6900952
test_debug,136,6850000,0,0.000986,96.540000,0,30325.924361
test_debug,137,6900000,0,0.000914,96.640000,0,30547.1413031
test_debug,138,6950000,0,0.000985,96.380000,0,30768.3746622
test_debug,139,7000000,0,0.001013,96.370000,0,30989.5627232
test_debug,140,7050000,0,0.000981,96.370000,0,31210.8061481
test_debug,141,7100000,0,0.001032,96.430000,0,31432.05058
test_debug,142,7150000,0,0.001026,96.200000,0,31653.248647
test_debug,143,7200000,0,0.001036,96.350000,0,31874.516577
test_debug,144,7250000,0,0.001063,96.370000,0,32095.808918
test_debug,145,7300000,0,0.001089,96.080000,0,32317.0532711
test_debug,146,7350000,0,0.001080,96.080000,0,32538.3244052
test_debug,147,7400000,0,0.001057,96.220000,0,32759.6368032
test_debug,148,7450000,0,0.001109,96.150000,0,32980.8839111
test_debug,149,7500000,0,0.001042,96.360000,0,33202.1256161
test_debug,150,7550000,0,0.001112,96.260000,0,33423.4734001
test_debug,151,7600000,0,0.001012,96.540000,0,33644.6955721
test_debug,152,7650000,0,0.000990,96.420000,0,33865.9899881
test_debug,153,7700000,0,0.001015,96.440000,0,34087.1757481
test_debug,154,7750000,0,0.001070,96.270000,0,34308.328387
test_debug,155,7800000,0,0.001095,96.000000,0,34529.5444841
test_debug,156,7850000,0,0.001036,96.310000,0,34750.728065
test_debug,157,7900000,0,0.001064,96.350000,0,34971.814064
test_debug,158,7950000,0,0.001079,96.270000,0,35192.924396
test_debug,159,8000000,0,0.001030,96.430000,0,35414.046474
Setting learning rate to 0.0008 at 8000128 backprops
test_debug,160,8050000,0,0.000895,96.870000,0,35635.1801791
test_debug,161,8100000,0,0.000891,96.830000,0,35856.4165311
test_debug,162,8150000,0,0.000903,96.780000,0,36077.6552792
test_debug,163,8200000,0,0.000879,96.900000,0,36298.906353
test_debug,164,8250000,0,0.000881,96.890000,0,36520.177633
test_debug,165,8300000,0,0.000885,96.990000,0,36741.3589652
test_debug,166,8350000,0,0.000878,96.890000,0,36962.562238
test_debug,167,8400000,0,0.000895,96.760000,0,37183.779073
test_debug,168,8450000,0,0.000877,97.040000,0,37404.937031
test_debug,169,8500000,0,0.000880,96.850000,0,37626.1662111
test_debug,170,8550000,0,0.000880,96.870000,0,37847.3332291
test_debug,171,8600000,0,0.000890,96.930000,0,38068.532408
test_debug,172,8650000,0,0.000897,96.790000,0,38289.8353801
test_debug,173,8700000,0,0.000904,96.850000,0,38511.1137872
test_debug,174,8750000,0,0.000932,96.880000,0,38732.464716
test_debug,175,8800000,0,0.000897,96.880000,0,38953.799427
test_debug,176,8850000,0,0.000891,96.840000,0,39174.9850991
test_debug,177,8900000,0,0.000887,96.900000,0,39396.2348971
test_debug,178,8950000,0,0.000901,96.850000,0,39617.4973111
test_debug,179,9000000,0,0.000885,96.830000,0,39838.8833911
test_debug,180,9050000,0,0.000914,96.770000,0,40060.176127
test_debug,181,9100000,0,0.000916,96.700000,0,40281.461467
test_debug,182,9150000,0,0.000909,96.870000,0,40502.7395232
test_debug,183,9200000,0,0.000907,96.840000,0,40723.9661481
test_debug,184,9250000,0,0.000919,96.730000,0,40945.2646961
test_debug,185,9300000,0,0.000897,96.860000,0,41166.53706
test_debug,186,9350000,0,0.000906,96.760000,0,41387.782963
test_debug,187,9400000,0,0.000911,96.760000,0,41608.952147
test_debug,188,9450000,0,0.000897,96.850000,0,41830.178359
test_debug,189,9500000,0,0.000897,96.860000,0,42051.425787
test_debug,190,9550000,0,0.000901,96.800000,0,42272.6308141
test_debug,191,9600000,0,0.000912,96.780000,0,42493.822933
test_debug,192,9650000,0,0.000889,96.910000,0,42715.104933
test_debug,193,9700000,0,0.000918,96.800000,0,42936.2461622
test_debug,194,9750000,0,0.000881,96.900000,0,43157.440263
test_debug,195,9800000,0,0.000899,96.890000,0,43378.6750181
