Namespace(batch_size=128, calculator='random', cuda=True, cutout=True, data_augmentation=True, dataset='cifar100', epochs=200, forwardlr=True, fp_selector='alwayson', learning_rate=0.1, length=8, lr_sched='/users/ahjiang/src/Cutout/pytorch-cifar/data/config/sysml20//cifar100/lr_sched_cifar100_wideresnet', model='wideresnet', n_holes=1, no_cuda=False, output_dir='./logs', prob_pow=2, sb=True, seed=0, strategy='sb')
Files already downloaded and verified
Files already downloaded and verified
Setting learning rate to 0.1 at 128 backprops
test_debug,0,50000,0,0.028688,13.830000,0,297.70422411
test_debug,1,66768,33206,0.027299,17.860000,0,439.921960115
test_debug,2,83355,66645,0.028345,17.600000,0,582.938362122
test_debug,3,99867,100079,0.024507,24.120000,0,724.044207096
test_debug,4,116463,133537,0.022660,26.890000,0,867.236824036
test_debug,5,133164,166836,0.023977,26.980000,0,1010.49650598
test_debug,6,149797,200203,0.020119,33.820000,0,1154.18626714
test_debug,7,166309,233643,0.019161,35.950000,0,1295.27844906
test_debug,8,183165,266835,0.020204,35.270000,0,1439.37760901
test_debug,9,199908,300092,0.017638,40.130000,0,1583.22020698
test_debug,10,216334,333666,0.019499,38.440000,0,1724.95271516
test_debug,11,232837,367163,0.017091,43.290000,0,1868.09315014
test_debug,12,249605,400344,0.016659,43.490000,0,2010.31552005
test_debug,13,266324,433676,0.016003,45.260000,0,2153.8757
test_debug,14,282937,467063,0.016549,45.380000,0,2297.29575396
test_debug,15,299548,500452,0.016472,44.510000,0,2440.57259607
test_debug,16,316258,533742,0.015947,45.730000,0,2583.98131609
test_debug,17,332770,567181,0.015629,47.740000,0,2725.11140108
test_debug,18,349461,600539,0.016198,46.360000,0,2868.189533
test_debug,19,366094,633906,0.015898,47.520000,0,3009.79651499
test_debug,20,382688,667312,0.013501,52.420000,0,3152.89784718
test_debug,21,399503,700497,0.015755,48.000000,0,3296.31187296
test_debug,22,416229,733771,0.018347,43.500000,0,3439.90021801
test_debug,23,433058,766942,0.013331,54.350000,0,3582.36362815
test_debug,24,449621,800379,0.016503,46.630000,0,3723.74655795
test_debug,25,466389,833576,0.014690,51.320000,0,3865.98447704
test_debug,26,483091,866909,0.015712,47.100000,0,4009.02778816
test_debug,27,499788,900212,0.013900,52.680000,0,4152.03021312
test_debug,28,516428,933554,0.015242,50.510000,0,4293.55550909
test_debug,29,533130,966870,0.013281,54.470000,0,4435.35850906
test_debug,30,549999,1000001,0.012412,56.270000,0,4577.87951016
test_debug,31,566767,1033192,0.013232,55.170000,0,4719.81821895
test_debug,32,583618,1066382,0.016979,46.300000,0,4863.68260908
test_debug,33,600258,1099665,0.012726,55.930000,0,5005.18027306
test_debug,34,617006,1132994,0.012763,56.270000,0,5149.08937597
test_debug,35,633750,1166250,0.012429,57.260000,0,5292.91915417
test_debug,36,650614,1199386,0.014609,51.100000,0,5436.95849395
test_debug,37,667287,1232713,0.014083,53.240000,0,5579.49644399
test_debug,38,684028,1265972,0.011963,59.130000,0,5721.45873713
test_debug,39,700668,1299296,0.012698,56.810000,0,5862.919204
test_debug,40,717436,1332539,0.013934,53.920000,0,6004.91782808
test_debug,41,734186,1365814,0.014163,53.510000,0,6148.69027901
test_debug,42,750743,1399257,0.013396,54.840000,0,6290.99627805
test_debug,43,767503,1432497,0.013744,54.960000,0,6434.90727806
test_debug,44,784070,1465930,0.013467,54.360000,0,6577.30185699
test_debug,45,800710,1499289,0.011450,60.270000,0,6718.70212007
test_debug,46,817318,1532682,0.011539,59.540000,0,6860.05293608
test_debug,47,833873,1566127,0.013968,53.340000,0,7002.26563907
test_debug,48,850257,1599706,0.012389,57.720000,0,7142.68251705
test_debug,49,867025,1632967,0.013599,55.440000,0,7284.67087007
test_debug,50,883791,1666209,0.012518,58.330000,0,7428.72863603
test_debug,51,900648,1699352,0.012453,58.130000,0,7572.77937412
test_debug,52,917313,1732687,0.012982,56.960000,0,7715.49654412
test_debug,53,934081,1765854,0.012346,58.220000,0,7857.48112607
test_debug,54,950703,1799297,0.013764,54.710000,0,7998.82616305
test_debug,55,967471,1832524,0.011320,60.790000,0,8140.68840098
test_debug,56,984297,1865703,0.013041,56.680000,0,8284.20508695
test_debug,57,1000937,1899022,0.012395,58.810000,0,8425.665061
test_debug,58,1017695,1932305,0.012880,57.340000,0,8569.54178309
Setting learning rate to 0.01 at 1034292 backprops
test_debug,59,1034292,1965708,0.011746,59.100000,0,8712.48399496
test_debug,60,1050922,1999078,0.007406,72.790000,0,8853.86355615
test_debug,61,1067509,2032491,0.007208,73.660000,0,8995.03577113
test_debug,62,1083935,2066065,0.007101,74.110000,0,9135.62755013
test_debug,63,1100519,2099481,0.006981,74.460000,0,9278.27430511
test_debug,64,1117105,2132895,0.007066,74.540000,0,9420.9849031
test_debug,65,1133603,2166397,0.006861,75.230000,0,9563.88118005
test_debug,66,1150087,2199913,0.006912,74.780000,0,9706.52646399
test_debug,67,1166783,2233217,0.007020,74.900000,0,9849.57103205
test_debug,68,1183400,2266600,0.006994,75.390000,0,9992.85296798
test_debug,69,1199961,2300039,0.006926,75.420000,0,10135.260726
test_debug,70,1216778,2333222,0.006987,75.500000,0,10277.5636361
test_debug,71,1233497,2366503,0.006903,75.830000,0,10419.480922
test_debug,72,1250009,2399940,0.006912,75.410000,0,10560.4801161
test_debug,73,1266768,2433232,0.006774,76.010000,0,10702.552382
test_debug,74,1283327,2466673,0.006851,76.050000,0,10843.7722201
test_debug,75,1300045,2499955,0.006909,75.780000,0,10987.1765611
test_debug,76,1316813,2533181,0.006978,75.430000,0,11129.1586862
test_debug,77,1333698,2566302,0.007006,75.680000,0,11273.653765
test_debug,78,1350375,2599625,0.007129,75.660000,0,11416.302438
test_debug,79,1367081,2632919,0.007089,75.310000,0,11559.5126171
test_debug,80,1383593,2666394,0.007031,75.800000,0,11700.6113791
test_debug,81,1400195,2699805,0.007188,75.590000,0,11843.7807021
test_debug,82,1416934,2733066,0.007105,76.000000,0,11985.8750591
test_debug,83,1433734,2766266,0.007138,75.600000,0,12129.071286
test_debug,84,1450246,2799698,0.007403,75.180000,0,12270.1679611
test_debug,85,1467001,2832999,0.006988,76.130000,0,12414.078156
test_debug,86,1483748,2866252,0.007124,75.820000,0,12557.8888381
test_debug,87,1500298,2899702,0.007295,75.680000,0,12700.0329671
test_debug,88,1516994,2933006,0.007147,75.860000,0,12841.798332
test_debug,89,1533378,2966559,0.007180,75.340000,0,12982.1048892
test_debug,90,1549955,3000045,0.007166,76.210000,0,13124.7163172
test_debug,91,1566549,3033451,0.007391,75.860000,0,13265.900177
test_debug,92,1583189,3066759,0.007433,75.480000,0,13407.2887731
test_debug,93,1599814,3100186,0.007359,75.430000,0,13550.5247791
test_debug,94,1616514,3133486,0.007444,75.690000,0,13693.437011
test_debug,95,1633135,3166865,0.007332,75.860000,0,13836.621572
test_debug,96,1649810,3200190,0.007796,74.940000,0,13979.1507061
test_debug,97,1666611,3233389,0.007458,75.750000,0,14121.215369
test_debug,98,1683291,3266709,0.007396,75.910000,0,14263.8059251
test_debug,99,1699803,3300129,0.007374,75.390000,0,14404.54407
test_debug,100,1716511,3333489,0.007684,75.340000,0,14547.6263201
test_debug,101,1733133,3366867,0.007508,75.270000,0,14688.8612649
test_debug,102,1749801,3400199,0.007936,74.960000,0,14831.2206399
test_debug,103,1766527,3433473,0.007593,75.510000,0,14973.0009511
test_debug,104,1783201,3466799,0.007736,75.180000,0,15115.588073
test_debug,105,1799779,3500221,0.007390,76.200000,0,15256.815917
test_debug,106,1816509,3533491,0.007606,75.490000,0,15398.5928731
test_debug,107,1833246,3566754,0.007613,75.350000,0,15542.1489401
test_debug,108,1849940,3600060,0.007659,75.490000,0,15685.0159822
test_debug,109,1866452,3633488,0.007962,74.760000,0,15825.872045
test_debug,110,1882964,3667010,0.007858,75.170000,0,15966.8347971
test_debug,111,1899604,3700330,0.007638,75.550000,0,16108.289902
test_debug,112,1916483,3733517,0.007669,75.610000,0,16252.621268
test_debug,113,1933069,3766931,0.007887,75.050000,0,16393.8281481
test_debug,114,1949670,3800330,0.007771,75.370000,0,16535.130157
test_debug,115,1966381,3833619,0.007771,75.520000,0,16678.2622471
test_debug,116,1983021,3866947,0.007654,75.630000,0,16819.605639
test_debug,117,1999527,3900473,0.007824,75.130000,0,16962.4458811
test_debug,118,2016276,3933724,0.007975,75.040000,0,17104.4759231
Setting learning rate to 0.001 at 2032903 backprops
test_debug,119,2032903,3967097,0.007982,75.110000,0,17245.927181
test_debug,120,2049671,4000278,0.007029,77.700000,0,17387.984267
test_debug,121,2066275,4033725,0.006925,77.900000,0,17531.0217249
test_debug,122,2082996,4067004,0.006886,77.990000,0,17674.4379539
test_debug,123,2099636,4100320,0.006849,78.070000,0,17815.864747
test_debug,124,2116465,4133535,0.006845,78.220000,0,17958.094043
test_debug,125,2133158,4166842,0.006871,77.900000,0,18100.9404511
test_debug,126,2149798,4200149,0.006867,78.230000,0,18242.38658
test_debug,127,2166503,4233497,0.006868,78.380000,0,18384.2361882
test_debug,128,2183143,4266833,0.006812,78.290000,0,18525.7683492
test_debug,129,2199911,4300026,0.006811,78.380000,0,18667.855962
test_debug,130,2216542,4333458,0.006854,78.180000,0,18809.3670521
test_debug,131,2233130,4366870,0.006812,78.220000,0,18952.143621
test_debug,132,2250004,4399996,0.006876,78.090000,0,19096.4661591
test_debug,133,2266707,4433293,0.006885,78.420000,0,19239.3611031
test_debug,134,2283411,4466589,0.006836,78.610000,0,19382.3501301
test_debug,135,2300159,4499841,0.006844,78.540000,0,19524.26981
test_debug,136,2316996,4533004,0.006866,78.690000,0,19668.0766752
test_debug,137,2333495,4566505,0.006849,78.660000,0,19808.9559901
test_debug,138,2350198,4599802,0.006877,78.790000,0,19950.7768781
test_debug,139,2366932,4633068,0.006914,78.550000,0,20094.286396
test_debug,140,2383695,4666305,0.006873,78.580000,0,20238.391243
test_debug,141,2400280,4699720,0.006875,78.360000,0,20381.0781372
test_debug,142,2416880,4733120,0.006861,78.520000,0,20522.385067
test_debug,143,2433477,4766523,0.006898,78.770000,0,20663.648298
test_debug,144,2450037,4799963,0.006958,78.690000,0,20805.9900951
test_debug,145,2466599,4833401,0.006963,78.510000,0,20948.327034
test_debug,146,2483283,4866717,0.006963,78.590000,0,21091.1829481
test_debug,147,2499912,4900088,0.006934,78.640000,0,21232.661911
test_debug,148,2516594,4933406,0.006966,78.630000,0,21374.328666
test_debug,149,2533221,4966779,0.006977,78.580000,0,21515.8899372
test_debug,150,2549714,5000286,0.006976,78.570000,0,21656.763562
test_debug,151,2566405,5033595,0.006973,78.760000,0,21798.5925231
test_debug,152,2583045,5066919,0.006961,78.590000,0,21940.1470301
test_debug,153,2599685,5100303,0.006984,78.820000,0,22081.765918
test_debug,154,2616413,5133587,0.006964,78.750000,0,22223.611681
test_debug,155,2633033,5166967,0.006963,78.510000,0,22365.0635121
test_debug,156,2649703,5200297,0.007034,78.560000,0,22507.560102
test_debug,157,2666324,5233676,0.007028,78.480000,0,22648.9720471
test_debug,158,2683030,5266970,0.007019,78.720000,0,22790.8332551
test_debug,159,2699519,5300481,0.006982,78.890000,0,22931.8017612
test_debug,160,2716188,5333812,0.007026,78.360000,0,23074.3009109
test_debug,161,2732911,5367089,0.007018,78.590000,0,23216.2772751
test_debug,162,2749640,5400360,0.006993,78.480000,0,23358.2526951
test_debug,163,2766239,5433761,0.006983,78.900000,0,23501.3091121
test_debug,164,2782780,5467220,0.007011,78.530000,0,23642.3947051
test_debug,165,2799459,5500541,0.006973,78.940000,0,23785.0621521
test_debug,166,2815843,5534115,0.007008,78.800000,0,23925.5635381
test_debug,167,2832344,5567656,0.007020,78.750000,0,24066.561681
test_debug,168,2849105,5600895,0.007043,78.700000,0,24208.620811
test_debug,169,2865652,5634348,0.007020,78.720000,0,24349.8710241
test_debug,170,2882373,5667627,0.007031,78.670000,0,24491.759316
test_debug,171,2899013,5700968,0.007037,78.720000,0,24633.3044569
test_debug,172,2915839,5734161,0.007009,78.780000,0,24775.670584
test_debug,173,2932446,5767554,0.007052,78.700000,0,24918.8247712
test_debug,174,2949248,5800752,0.007063,78.420000,0,25061.014353
test_debug,175,2965801,5834199,0.007084,78.580000,0,25203.1871161
test_debug,176,2982429,5867571,0.007021,78.920000,0,25346.6496501
test_debug,177,2999195,5900805,0.007058,78.890000,0,25488.5680671
test_debug,178,3015959,5934041,0.007030,78.730000,0,25632.715683
test_debug,179,3032836,5967164,0.007046,78.780000,0,25775.2033491
test_debug,180,3049661,6000339,0.007076,78.650000,0,25917.492861
test_debug,181,3066402,6033598,0.007058,78.760000,0,26059.4986141
test_debug,182,3083019,6066981,0.007039,78.810000,0,26200.9108231
test_debug,183,3099698,6100302,0.007044,78.440000,0,26342.611728
test_debug,184,3116210,6133728,0.007034,78.660000,0,26483.643831
test_debug,185,3132894,6167106,0.007088,78.680000,0,26625.4871252
test_debug,186,3149616,6200384,0.007101,78.730000,0,26767.5383
test_debug,187,3166486,6233514,0.007064,78.820000,0,26911.911483
test_debug,188,3183126,6266819,0.007044,78.750000,0,27053.628196
test_debug,189,3199894,6300070,0.007052,78.820000,0,27195.841516
test_debug,190,3216587,6333413,0.007050,78.860000,0,27337.6880322
test_debug,191,3233299,6366701,0.007046,78.670000,0,27479.450001
test_debug,192,3250011,6399989,0.007138,78.510000,0,27621.3056381
test_debug,193,3266732,6433268,0.007149,78.840000,0,27763.263633
test_debug,194,3283439,6466561,0.007103,78.810000,0,27906.5301712
test_debug,195,3300180,6499820,0.007067,78.730000,0,28048.4594212
test_debug,196,3316850,6533150,0.007119,78.630000,0,28190.1369011
test_debug,197,3333596,6566404,0.007106,78.700000,0,28332.137002
test_debug,198,3350317,6599683,0.007118,78.730000,0,28474.021935
test_debug,199,3366957,6633042,0.007062,78.720000,0,28615.4507689
