Namespace(batch_size=128, calculator='relative', cuda=True, cutout=True, data_augmentation=True, dataset='cifar100', epochs=200, forwardlr=True, fp_selector='alwayson', learning_rate=0.1, length=8, lr_sched='/users/ahjiang/src/Cutout/pytorch-cifar/data/config/sysml20//cifar100/lr_sched_cifar100_wideresnet', model='wideresnet', n_holes=1, no_cuda=False, output_dir='./logs', prob_pow=2, sb=True, seed=0, strategy='sb')
Files already downloaded and verified
Files already downloaded and verified
Setting learning rate to 0.1 at 128 backprops
test_debug,0,50000,0,0.030295,11.480000,0,299.62077713
test_debug,1,66597,33403,0.027399,17.520000,0,446.215438128
test_debug,2,83205,66795,0.025284,20.900000,0,592.990505934
test_debug,3,99935,100065,0.024076,23.280000,0,740.166043043
test_debug,4,116601,133399,0.023805,23.010000,0,886.162492037
test_debug,5,133232,166768,0.020523,32.060000,0,1033.152282
test_debug,6,149826,200174,0.019847,32.850000,0,1179.694628
test_debug,7,166426,233574,0.018699,35.450000,0,1326.21447492
test_debug,8,183114,266886,0.017774,39.290000,0,1472.69771099
test_debug,9,199814,300186,0.016789,42.280000,0,1619.43540192
test_debug,10,216446,333554,0.016221,44.450000,0,1766.56158614
test_debug,11,233214,366750,0.015730,43.680000,0,1911.85550213
test_debug,12,249804,400196,0.014894,47.270000,0,2058.10949707
test_debug,13,266351,433649,0.015193,45.830000,0,2203.48256803
test_debug,14,282989,467011,0.014015,48.680000,0,2350.30183506
test_debug,15,299586,500414,0.013596,51.030000,0,2495.00644803
test_debug,16,316306,533694,0.012845,53.420000,0,2640.03977799
test_debug,17,332853,567147,0.013889,49.400000,0,2784.58729291
test_debug,18,349551,600449,0.012889,53.390000,0,2930.84825206
test_debug,19,366240,633760,0.013890,49.410000,0,3077.12055612
test_debug,20,382957,667043,0.012703,53.420000,0,3223.84927201
test_debug,21,399418,700582,0.012096,55.370000,0,3367.94501901
test_debug,22,416024,733976,0.012164,55.210000,0,3514.22794509
test_debug,23,432522,767478,0.012128,55.810000,0,3660.48712111
test_debug,24,449034,800946,0.012811,54.300000,0,3804.74594712
test_debug,25,465644,834356,0.012568,54.510000,0,3951.04742193
test_debug,26,482346,867654,0.012156,55.170000,0,4097.52253103
test_debug,27,499031,900969,0.012095,56.520000,0,4243.638515
test_debug,28,515671,934324,0.012046,57.620000,0,4388.579916
test_debug,29,532311,967671,0.010797,60.740000,0,4533.47831297
test_debug,30,548924,1001076,0.010936,59.990000,0,4679.93717408
test_debug,31,565469,1034531,0.012047,56.470000,0,4825.43668103
test_debug,32,582106,1067894,0.010333,61.600000,0,4972.42111897
test_debug,33,598795,1101205,0.011697,57.850000,0,5117.67032003
test_debug,34,615467,1134533,0.012059,56.160000,0,5263.59464598
test_debug,35,632210,1167790,0.010631,61.490000,0,5410.97804403
test_debug,36,648966,1201034,0.010360,61.800000,0,5558.37612009
test_debug,37,665571,1234429,0.010444,62.000000,0,5704.79987311
test_debug,38,682211,1267776,0.010555,62.470000,0,5849.77682495
test_debug,39,698673,1301327,0.010881,60.180000,0,5993.86283803
test_debug,40,715246,1334754,0.011572,58.490000,0,6139.91803193
test_debug,41,731720,1368280,0.010556,61.360000,0,6284.26018691
test_debug,42,748360,1401574,0.010214,62.900000,0,6429.00516105
test_debug,43,765106,1434894,0.010012,63.360000,0,6576.26926994
test_debug,44,781702,1468298,0.009806,64.130000,0,6722.52697396
test_debug,45,798214,1501757,0.009163,65.710000,0,6866.83328509
test_debug,46,814840,1535160,0.009875,63.870000,0,7011.68034697
test_debug,47,831457,1568543,0.009544,64.720000,0,7158.41174197
test_debug,48,848152,1601848,0.009892,63.740000,0,7304.72974801
test_debug,49,864977,1635023,0.010427,63.200000,0,7451.53815794
test_debug,50,881584,1668416,0.009749,65.300000,0,7597.99964213
test_debug,51,898224,1701739,0.009347,66.340000,0,7742.87181902
test_debug,52,914766,1735234,0.012798,57.280000,0,7888.26362896
test_debug,53,931380,1768620,0.009817,65.100000,0,8034.93430805
test_debug,54,948148,1801837,0.009646,65.340000,0,8180.36074591
test_debug,55,964788,1835155,0.009837,64.950000,0,8325.10043812
test_debug,56,981337,1868663,0.010136,63.980000,0,8470.69286513
test_debug,57,998068,1901932,0.009858,65.000000,0,8617.64577508
test_debug,58,1014708,1935231,0.009594,66.280000,0,8762.69524312
Setting learning rate to 0.01 at 1031348 backprops
test_debug,59,1031348,1968638,0.009493,65.210000,0,8907.63787007
test_debug,60,1047970,2002030,0.006502,75.810000,0,9054.57769203
test_debug,61,1064671,2035329,0.006402,76.470000,0,9199.75599694
test_debug,62,1081405,2068595,0.006339,76.900000,0,9345.13649607
test_debug,63,1098108,2101892,0.006435,76.920000,0,9491.61297297
test_debug,64,1114923,2135077,0.006461,77.000000,0,9638.45299292
test_debug,65,1131605,2168395,0.006393,77.490000,0,9784.72245693
test_debug,66,1148222,2201778,0.006477,77.620000,0,9929.67104292
test_debug,67,1164990,2234951,0.006726,76.780000,0,10075.249553
test_debug,68,1181630,2268345,0.006681,77.400000,0,10220.1411281
test_debug,69,1198353,2301647,0.006803,77.070000,0,10367.189157
test_debug,70,1215121,2334836,0.006904,77.100000,0,10513.042146
test_debug,71,1231863,2368137,0.006928,77.550000,0,10658.6148679
test_debug,72,1248442,2401558,0.006844,77.580000,0,10804.893405
test_debug,73,1265161,2434839,0.007060,77.370000,0,10951.294065
test_debug,74,1281840,2468160,0.006963,77.720000,0,11097.279876
test_debug,75,1298394,2501606,0.007187,77.180000,0,11241.648401
test_debug,76,1315025,2534975,0.007191,77.210000,0,11386.3146081
test_debug,77,1331566,2568434,0.007327,77.140000,0,11531.4740431
test_debug,78,1348178,2601822,0.007193,77.630000,0,11677.9538059
test_debug,79,1364925,2635075,0.007370,77.110000,0,11825.2174461
test_debug,80,1381606,2668394,0.007316,77.750000,0,11971.236815
test_debug,81,1398344,2701656,0.007341,77.500000,0,12116.5165191
test_debug,82,1415100,2734900,0.007477,77.300000,0,12261.6568401
test_debug,83,1431740,2768238,0.007544,77.220000,0,12406.4816241
test_debug,84,1448380,2801542,0.007468,77.010000,0,12551.3271041
test_debug,85,1464932,2835068,0.007390,77.700000,0,12696.6600111
test_debug,86,1481609,2868391,0.007653,77.030000,0,12841.5475819
test_debug,87,1498246,2901754,0.007542,77.370000,0,12986.25161
test_debug,88,1514995,2935005,0.007529,77.410000,0,13133.275584
test_debug,89,1531563,2968437,0.007732,77.070000,0,13279.001384
test_debug,90,1548313,3001687,0.007536,77.450000,0,13424.3318241
test_debug,91,1565063,3034937,0.007577,77.360000,0,13569.748316
test_debug,92,1581557,3068443,0.007758,77.200000,0,13714.135972
test_debug,93,1598257,3101743,0.007684,77.690000,0,13859.099663
test_debug,94,1614873,3135127,0.007785,77.400000,0,14005.6700649
test_debug,95,1631428,3168572,0.007853,77.640000,0,14151.2754459
test_debug,96,1648015,3201985,0.007732,77.490000,0,14297.6224301
test_debug,97,1664655,3235284,0.007689,77.660000,0,14442.5967209
test_debug,98,1681227,3268773,0.007659,77.840000,0,14587.077482
test_debug,99,1697867,3302094,0.007758,77.650000,0,14731.9980061
test_debug,100,1714471,3335529,0.007822,77.340000,0,14878.5026071
test_debug,101,1731067,3368933,0.007660,77.290000,0,15023.188375
test_debug,102,1747687,3402313,0.007825,77.660000,0,15169.79213
test_debug,103,1764327,3435657,0.007734,77.830000,0,15314.6417081
test_debug,104,1781165,3468835,0.007786,77.710000,0,15461.857091
test_debug,105,1797782,3502218,0.007765,78.110000,0,15606.724755
test_debug,106,1814294,3535632,0.007841,77.840000,0,15750.9436641
test_debug,107,1830922,3569078,0.007964,77.420000,0,15895.692004
test_debug,108,1847604,3602396,0.008050,77.070000,0,16040.763422
test_debug,109,1864095,3635905,0.007937,77.320000,0,16185.065824
test_debug,110,1880857,3669143,0.007710,77.490000,0,16332.4145331
test_debug,111,1897400,3702600,0.007802,77.730000,0,16477.9445701
test_debug,112,1914168,3735804,0.007894,77.120000,0,16623.343673
test_debug,113,1930768,3769232,0.007949,77.420000,0,16768.1262989
test_debug,114,1947403,3802597,0.007934,76.920000,0,16915.108562
test_debug,115,1964141,3835859,0.007923,77.300000,0,17060.4568391
test_debug,116,1980758,3869242,0.007819,77.260000,0,17205.3920071
test_debug,117,1997351,3902649,0.007921,77.390000,0,17351.79707
test_debug,118,2013960,3936040,0.007989,76.920000,0,17498.4137139
Setting learning rate to 0.001 at 2030632 backprops
test_debug,119,2030632,3969368,0.008045,76.960000,0,17643.412941
test_debug,120,2047144,4002856,0.007291,78.620000,0,17787.9763031
test_debug,121,2063784,4036153,0.007235,78.880000,0,17932.8804731
test_debug,122,2080456,4069544,0.007283,78.840000,0,18078.071692
test_debug,123,2097159,4102841,0.007219,79.140000,0,18223.216012
test_debug,124,2113852,4136148,0.007280,79.060000,0,18369.480485
test_debug,125,2130492,4169455,0.007248,79.070000,0,18514.40766
test_debug,126,2147132,4202853,0.007255,79.120000,0,18659.2688661
test_debug,127,2163772,4236178,0.007268,79.030000,0,18804.1431401
test_debug,128,2180450,4269550,0.007291,79.010000,0,18950.33582
test_debug,129,2197068,4302932,0.007244,79.190000,0,19095.0053091
test_debug,130,2213529,4336471,0.007288,79.090000,0,19239.1040339
test_debug,131,2230166,4369834,0.007273,79.150000,0,19383.860831
test_debug,132,2246746,4403254,0.007276,79.170000,0,19529.934644
test_debug,133,2263386,4436600,0.007284,79.110000,0,19674.938724
test_debug,134,2280128,4469872,0.007245,79.270000,0,19820.2977259
test_debug,135,2296822,4503178,0.007242,79.340000,0,19966.58026
test_debug,136,2313462,4536513,0.007233,79.240000,0,20111.482995
test_debug,137,2330071,4569929,0.007227,79.340000,0,20256.3289301
test_debug,138,2346742,4603258,0.007318,79.140000,0,20401.2362351
test_debug,139,2363435,4636565,0.007306,79.100000,0,20546.4018149
test_debug,140,2380138,4669862,0.007295,79.280000,0,20691.4832091
test_debug,141,2396713,4703287,0.007239,79.160000,0,20835.995971
test_debug,142,2413440,4736560,0.007223,79.420000,0,20982.8304851
test_debug,143,2430149,4769851,0.007255,79.220000,0,21129.1612201
test_debug,144,2446861,4803139,0.007310,79.220000,0,21275.6888599
test_debug,145,2463432,4836568,0.007312,79.190000,0,21421.5042381
test_debug,146,2480039,4869961,0.007246,79.270000,0,21566.2488811
test_debug,147,2496679,4903273,0.007241,79.250000,0,21711.0067351
test_debug,148,2513139,4936861,0.007266,79.200000,0,21856.5123491
test_debug,149,2529779,4970181,0.007257,79.220000,0,22001.21436
test_debug,150,2546453,5003547,0.007262,79.240000,0,22147.1256189
test_debug,151,2563093,5036848,0.007239,79.440000,0,22291.981184
test_debug,152,2579605,5070329,0.007227,79.330000,0,22436.2482421
test_debug,153,2596227,5103773,0.007242,79.410000,0,22581.069036
test_debug,154,2612948,5137052,0.007262,79.420000,0,22726.1004741
test_debug,155,2629689,5170311,0.007248,79.390000,0,22871.4473441
test_debug,156,2646320,5203680,0.007278,79.280000,0,23016.28509
test_debug,157,2662893,5237107,0.007274,79.220000,0,23160.7204561
test_debug,158,2679528,5270472,0.007285,79.080000,0,23305.456768
test_debug,159,2696040,5303940,0.007267,79.150000,0,23449.8006639
test_debug,160,2712679,5337321,0.007277,79.370000,0,23596.720042
test_debug,161,2729362,5370638,0.007330,79.260000,0,23741.7516301
test_debug,162,2745968,5404032,0.007298,79.160000,0,23886.4299631
test_debug,163,2762480,5437445,0.007260,79.330000,0,24030.621855
test_debug,164,2779092,5470908,0.007310,79.210000,0,24175.3489721
test_debug,165,2795651,5504349,0.007309,79.400000,0,24319.785095
test_debug,166,2812280,5537720,0.007319,79.230000,0,24466.517354
test_debug,167,2829037,5570963,0.007293,79.200000,0,24611.8201189
test_debug,168,2845532,5604468,0.007362,79.190000,0,24757.8821111
test_debug,169,2862123,5637877,0.007294,79.150000,0,24902.4870641
test_debug,170,2878663,5671337,0.007253,79.250000,0,25047.6742821
test_debug,171,2895303,5704694,0.007294,79.280000,0,25192.476819
test_debug,172,2911943,5738024,0.007239,79.430000,0,25337.1787779
test_debug,173,2928583,5771356,0.007267,79.340000,0,25482.009202
test_debug,174,2945177,5804823,0.007230,79.400000,0,25626.580786
test_debug,175,2961739,5838261,0.007229,79.320000,0,25772.196703
test_debug,176,2978349,5871651,0.007207,79.400000,0,25917.029882
test_debug,177,2995024,5904976,0.007264,79.190000,0,26062.4775779
test_debug,178,3011531,5938469,0.007260,79.300000,0,26206.944694
test_debug,179,3027973,5972027,0.007274,79.340000,0,26351.2559271
test_debug,180,3044485,6005460,0.007297,79.300000,0,26495.9579439
test_debug,181,3061125,6038806,0.007286,79.360000,0,26641.189352
test_debug,182,3077542,6072458,0.007321,79.190000,0,26785.4801619
test_debug,183,3094182,6105794,0.007297,79.320000,0,26930.6875551
test_debug,184,3110812,6139188,0.007296,79.170000,0,27077.7165141
test_debug,185,3127258,6172742,0.007294,79.300000,0,27221.648432
test_debug,186,3143872,6206128,0.007282,79.470000,0,27366.2932479
test_debug,187,3160613,6239387,0.007258,79.410000,0,27511.75245
test_debug,188,3177038,6272962,0.007301,79.460000,0,27655.774199
test_debug,189,3193628,6306372,0.007289,79.400000,0,27800.622998
test_debug,190,3210140,6339857,0.007254,79.390000,0,27945.2161741
test_debug,191,3226679,6373321,0.007276,79.370000,0,28090.572011
test_debug,192,3243191,6406743,0.007253,79.540000,0,28235.17611
test_debug,193,3259776,6440224,0.007301,79.330000,0,28381.4161501
test_debug,194,3276288,6473680,0.007326,79.280000,0,28525.8145971
test_debug,195,3292910,6507090,0.007279,79.530000,0,28670.7279539
test_debug,196,3309598,6540402,0.007325,79.550000,0,28815.9742401
test_debug,197,3326151,6573849,0.007274,79.600000,0,28960.5037441
test_debug,198,3342726,6607274,0.007251,79.600000,0,29105.1898179
test_debug,199,3359335,6640665,0.007248,79.580000,0,29249.840863
