Namespace(batch_size=128, calculator='random', cuda=True, cutout=True, data_augmentation=True, dataset='cifar100', epochs=200, forwardlr=True, fp_selector='alwayson', learning_rate=0.1, length=8, lr_sched='/users/ahjiang/src/Cutout/pytorch-cifar/data/config/sysml20//cifar100/lr_sched_cifar100_wideresnet', model='wideresnet', n_holes=1, no_cuda=False, output_dir='./logs', prob_pow=1, sb=True, seed=0, strategy='sb')
Files already downloaded and verified
Files already downloaded and verified
Setting learning rate to 0.1 at 128 backprops
test_debug,0,50000,0,0.032048,10.210000,0,298.461884975
test_debug,1,74931,25069,0.028453,16.550000,0,477.121016026
test_debug,2,99856,50144,0.026583,21.270000,0,655.660881996
test_debug,3,124869,75131,0.023117,27.210000,0,834.116783857
test_debug,4,149686,100314,0.020455,33.290000,0,1012.50576186
test_debug,5,174860,125140,0.020639,34.890000,0,1191.99312091
test_debug,6,199820,150105,0.019992,34.840000,0,1369.07539606
test_debug,7,224780,175203,0.019191,38.540000,0,1546.03528786
test_debug,8,249842,200158,0.016482,43.760000,0,1725.42467093
test_debug,9,274801,225199,0.015682,45.770000,0,1904.48671293
test_debug,10,299743,250257,0.015623,47.230000,0,2083.12734199
test_debug,11,324780,275220,0.017625,44.880000,0,2261.73966289
test_debug,12,349574,300426,0.014565,48.350000,0,2439.59168196
test_debug,13,374336,325664,0.016963,44.590000,0,2616.92614198
test_debug,14,399168,350766,0.014856,49.600000,0,2793.29101586
test_debug,15,424256,375693,0.013842,51.710000,0,2970.68267298
test_debug,16,449344,400646,0.013701,53.260000,0,3148.12600899
test_debug,17,474352,425648,0.016758,46.360000,0,3326.36956787
test_debug,18,499234,450766,0.013764,53.040000,0,3504.21216702
test_debug,19,524443,475557,0.013163,55.360000,0,3684.24297404
test_debug,20,549234,500766,0.013748,53.180000,0,3862.023036
test_debug,21,574249,525751,0.013474,53.200000,0,4040.32167983
test_debug,22,599288,550712,0.014011,52.650000,0,4218.96207094
test_debug,23,624248,575700,0.014953,51.120000,0,4395.79477596
test_debug,24,649208,600742,0.012770,56.110000,0,4572.52914691
test_debug,25,674151,625849,0.012795,56.740000,0,4751.06285095
test_debug,26,699035,650965,0.012937,55.390000,0,4928.68556285
test_debug,27,724205,675795,0.014725,52.990000,0,5107.88358402
test_debug,28,749276,700724,0.013413,55.140000,0,5285.17185688
test_debug,29,774206,725794,0.013772,54.990000,0,5463.59102488
test_debug,30,799144,750856,0.012226,58.050000,0,5642.34893298
test_debug,31,824198,775802,0.014581,53.130000,0,5821.19008088
test_debug,32,849386,800614,0.013215,55.850000,0,6000.79632187
test_debug,33,874316,825684,0.013940,53.580000,0,6177.49834204
test_debug,34,899404,850537,0.011409,60.430000,0,6354.93228483
test_debug,35,924492,875458,0.011146,61.030000,0,6532.34688187
test_debug,36,949570,900430,0.013109,56.310000,0,6711.61335802
test_debug,37,974647,925353,0.011887,59.560000,0,6890.80082202
test_debug,38,999607,950335,0.012036,60.270000,0,7067.44158792
test_debug,39,1024692,975308,0.011956,58.770000,0,7246.64924288
test_debug,40,1049843,1000157,0.011986,58.470000,0,7425.52621698
test_debug,41,1074889,1025111,0.011593,60.460000,0,7602.69961095
test_debug,42,1099832,1050168,0.011742,59.840000,0,7779.20600104
test_debug,43,1124920,1075024,0.010992,61.470000,0,7956.52944088
test_debug,44,1150008,1099916,0.013110,56.350000,0,8133.66166902
test_debug,45,1175174,1124826,0.012351,59.430000,0,8312.70218706
test_debug,46,1200134,1149834,0.011946,59.520000,0,8489.39661503
test_debug,47,1225094,1174898,0.012420,57.060000,0,8666.12217402
test_debug,48,1250182,1199753,0.013070,56.870000,0,8843.3636899
test_debug,49,1275220,1224780,0.013064,57.380000,0,9020.35114193
test_debug,50,1300180,1249796,0.011963,60.070000,0,9197.01218104
test_debug,51,1325012,1274914,0.011410,60.730000,0,9373.14540005
test_debug,52,1350169,1299831,0.013932,54.580000,0,9552.18458104
test_debug,53,1375219,1324781,0.012853,58.140000,0,9729.38226104
test_debug,54,1400179,1349775,0.012552,59.030000,0,9906.1527729
test_debug,55,1425233,1374767,0.013801,56.580000,0,10083.3219409
test_debug,56,1450385,1399615,0.011746,60.370000,0,10262.0870709
test_debug,57,1475345,1424616,0.012573,58.860000,0,10438.802125
test_debug,58,1500305,1449674,0.010467,63.630000,0,10615.531143
Setting learning rate to 0.01 at 1525265 backprops
test_debug,59,1525265,1474735,0.011692,60.200000,0,10792.2234199
test_debug,60,1550415,1499585,0.006918,74.530000,0,10971.21066
test_debug,61,1575324,1524676,0.006699,75.700000,0,11147.7402189
test_debug,62,1600154,1549846,0.006630,75.720000,0,11326.0733418
test_debug,63,1625163,1574837,0.006544,76.020000,0,11504.388865
test_debug,64,1650123,1599803,0.006563,76.560000,0,11681.298331
test_debug,65,1675075,1624925,0.006489,77.030000,0,11860.1013598
test_debug,66,1700155,1649845,0.006471,77.040000,0,12037.37095
test_debug,67,1725059,1674941,0.006624,76.760000,0,12215.3262138
test_debug,68,1750097,1699903,0.006572,76.930000,0,12392.5050468
test_debug,69,1775130,1724870,0.006513,77.070000,0,12571.1610479
test_debug,70,1800180,1749820,0.006610,77.120000,0,12748.3588669
test_debug,71,1825243,1774757,0.006684,77.350000,0,12927.4841619
test_debug,72,1850201,1799799,0.006618,77.150000,0,13104.2732449
test_debug,73,1875210,1824790,0.006720,76.570000,0,13281.3792779
test_debug,74,1900136,1849864,0.006601,77.360000,0,13458.139066
test_debug,75,1925162,1874838,0.006868,76.990000,0,13636.766037
test_debug,76,1950247,1899753,0.006818,77.100000,0,13814.079478
test_debug,77,1975335,1924642,0.006805,77.140000,0,13991.4629579
test_debug,78,2000290,1949710,0.006803,77.250000,0,14170.249018
test_debug,79,2025122,1974854,0.007066,76.710000,0,14346.5391819
test_debug,80,2050178,1999822,0.006903,76.860000,0,14525.5413859
test_debug,81,2075211,2024789,0.006913,77.330000,0,14702.687047
test_debug,82,2100043,2049898,0.007011,77.170000,0,14878.939867
test_debug,83,2125237,2074763,0.007186,76.820000,0,15056.7501619
test_debug,84,2150256,2099744,0.007039,77.750000,0,15235.110019
test_debug,85,2175203,2124797,0.007029,77.160000,0,15413.7837288
test_debug,86,2200262,2149738,0.007204,76.700000,0,15590.932514
test_debug,87,2225222,2174702,0.007132,76.880000,0,15767.635005
test_debug,88,2250169,2199831,0.007409,76.370000,0,15944.365191
test_debug,89,2275170,2224830,0.006941,77.660000,0,16122.17922
test_debug,90,2300258,2249690,0.007308,77.060000,0,16299.5870759
test_debug,91,2325090,2274855,0.007261,77.240000,0,16476.0048699
test_debug,92,2349971,2300029,0.007310,76.760000,0,16652.5970259
test_debug,93,2374746,2325254,0.007188,76.840000,0,16830.1774459
test_debug,94,2399578,2350348,0.007547,76.730000,0,17006.626533
test_debug,95,2424538,2375387,0.007539,76.580000,0,17183.4945219
test_debug,96,2449498,2400499,0.007426,76.680000,0,17360.4324009
test_debug,97,2474330,2425625,0.007356,76.720000,0,17536.8239059
test_debug,98,2499497,2450503,0.007505,76.750000,0,17714.628253
test_debug,99,2524457,2475496,0.007558,76.590000,0,17891.521199
test_debug,100,2549339,2500661,0.007564,76.420000,0,18068.0811789
test_debug,101,2574427,2525508,0.007441,76.750000,0,18245.4862709
test_debug,102,2599463,2550537,0.007406,76.370000,0,18424.1592209
test_debug,103,2624423,2575501,0.007363,77.050000,0,18601.005445
test_debug,104,2649323,2600677,0.007646,76.650000,0,18778.8207419
test_debug,105,2674228,2625772,0.007688,76.320000,0,18955.3484991
test_debug,106,2699253,2650747,0.007757,76.190000,0,19133.738744
test_debug,107,2724066,2675934,0.007462,77.260000,0,19311.702414
test_debug,108,2749026,2700939,0.007588,76.320000,0,19488.391228
test_debug,109,2774060,2725940,0.007676,76.670000,0,19666.908061
test_debug,110,2799241,2750759,0.007782,75.730000,0,19844.670074
test_debug,111,2824245,2775755,0.007479,76.940000,0,20022.6918368
test_debug,112,2849149,2800851,0.008249,75.340000,0,20199.2379079
test_debug,113,2874159,2825841,0.007794,76.070000,0,20376.0408978
test_debug,114,2898991,2850981,0.007856,75.310000,0,20552.224654
test_debug,115,2924009,2875991,0.007659,76.020000,0,20729.156179
test_debug,116,2948969,2900999,0.007736,75.930000,0,20905.8738089
test_debug,117,2973998,2926002,0.007757,76.250000,0,21082.80983
test_debug,118,2998885,2951115,0.007851,75.970000,0,21259.325536
Setting learning rate to 0.001 at 3023973 backprops
test_debug,119,3023973,2976026,0.007758,76.440000,0,21436.591311
test_debug,120,3049161,3000839,0.006812,78.740000,0,21614.284224
test_debug,121,3074188,3025812,0.006726,79.240000,0,21792.807327
test_debug,122,3099106,3050894,0.006684,79.370000,0,21969.3153811
test_debug,123,3124194,3075775,0.006659,79.590000,0,22146.6592128
test_debug,124,3149369,3100631,0.006659,79.560000,0,22324.437382
test_debug,125,3174447,3125553,0.006677,79.520000,0,22501.7378969
test_debug,126,3199355,3150645,0.006660,79.840000,0,22678.30282
test_debug,127,3224315,3175677,0.006604,79.840000,0,22855.06973
test_debug,128,3249327,3200673,0.006620,79.690000,0,23032.0419319
test_debug,129,3274333,3225667,0.006670,79.610000,0,23210.0283298
test_debug,130,3299466,3250534,0.006667,79.620000,0,23388.649507
test_debug,131,3324554,3275411,0.006588,79.830000,0,23566.0009549
test_debug,132,3349571,3300429,0.006626,79.880000,0,23744.2491488
test_debug,133,3374596,3325404,0.006610,79.940000,0,23921.188859
test_debug,134,3399556,3350382,0.006627,79.860000,0,24097.7816019
test_debug,135,3424516,3375474,0.006607,79.930000,0,24274.4923909
test_debug,136,3449676,3400324,0.006632,79.970000,0,24452.073241
test_debug,137,3474703,3425297,0.006633,79.940000,0,24628.953439
test_debug,138,3499517,3450483,0.006627,79.830000,0,24805.158951
test_debug,139,3524411,3475589,0.006636,80.030000,0,24981.663753
test_debug,140,3549469,3500531,0.006623,80.030000,0,25158.8612289
test_debug,141,3574424,3525576,0.006641,79.940000,0,25335.6388769
test_debug,142,3599384,3550551,0.006641,80.150000,0,25512.5047879
test_debug,143,3624401,3575599,0.006611,79.990000,0,25689.5303669
test_debug,144,3649361,3600580,0.006601,80.100000,0,25866.3922269
test_debug,145,3674564,3625436,0.006668,80.110000,0,26044.203279
test_debug,146,3699341,3650659,0.006668,79.880000,0,26220.2406321
test_debug,147,3724422,3675578,0.006621,80.170000,0,26397.5703769
test_debug,148,3749510,3700474,0.006603,80.090000,0,26574.955404
test_debug,149,3774662,3725338,0.006638,80.190000,0,26752.577291
test_debug,150,3799622,3750333,0.006643,80.030000,0,26929.3906479
test_debug,151,3824690,3775310,0.006642,80.240000,0,27108.584152
test_debug,152,3849713,3800287,0.006660,80.070000,0,27285.645082
test_debug,153,3874598,3825402,0.006651,80.030000,0,27462.275882
test_debug,154,3899646,3850354,0.006622,80.070000,0,27641.1829939
test_debug,155,3924605,3875395,0.006612,80.160000,0,27817.9935501
test_debug,156,3949309,3900650,0.006648,80.220000,0,27993.8179319
test_debug,157,3974360,3925640,0.006632,80.120000,0,28172.7948589
test_debug,158,3999176,3950824,0.006648,80.150000,0,28350.9840879
test_debug,159,4024136,3975858,0.006648,80.090000,0,28527.730891
test_debug,160,4049190,4000810,0.006664,80.010000,0,28704.949697
test_debug,161,4074128,4025872,0.006652,79.820000,0,28881.6290939
test_debug,162,4099137,4050863,0.006684,80.070000,0,29058.6391799
test_debug,163,4124225,4075723,0.006643,80.050000,0,29235.9884229
test_debug,164,4149185,4100753,0.006653,80.090000,0,29412.8293529
test_debug,165,4174210,4125790,0.006690,80.150000,0,29589.9278879
test_debug,166,4199042,4150922,0.006630,79.900000,0,29766.215858
test_debug,167,4224130,4175869,0.006630,80.240000,0,29943.6498389
test_debug,168,4249218,4200767,0.006610,80.100000,0,30120.9349909
test_debug,169,4274414,4225586,0.006606,80.210000,0,30298.782268
test_debug,170,4299502,4250473,0.006625,80.300000,0,30476.035912
test_debug,171,4324518,4275482,0.006623,80.240000,0,30654.279882
test_debug,172,4349606,4300356,0.006617,80.300000,0,30831.7141969
test_debug,173,4374689,4325311,0.006588,80.110000,0,31009.2138829
test_debug,174,4399649,4350283,0.006572,80.350000,0,31186.2473049
test_debug,175,4424865,4375081,0.006619,80.070000,0,31364.3390639
test_debug,176,4449906,4400094,0.006611,80.430000,0,31543.232568
test_debug,177,4474821,4425179,0.006628,80.230000,0,31721.687813
test_debug,178,4499525,4450399,0.006588,80.150000,0,31897.5113358
test_debug,179,4524603,4475397,0.006603,80.060000,0,32074.908313
test_debug,180,4549536,4500464,0.006615,80.300000,0,32253.5502119
test_debug,181,4574675,4525325,0.006688,79.980000,0,32432.5354099
test_debug,182,4599701,4550299,0.006656,80.160000,0,32609.804899
test_debug,183,4624533,4575407,0.006616,80.200000,0,32786.316098
test_debug,184,4649547,4600453,0.006627,80.210000,0,32964.8366759
test_debug,185,4674595,4625405,0.006654,80.100000,0,33142.2173219
test_debug,186,4699751,4650249,0.006640,80.340000,0,33319.835357
test_debug,187,4724711,4675281,0.006671,80.180000,0,33496.7075469
test_debug,188,4749799,4700151,0.006653,80.170000,0,33674.2417419
test_debug,189,4774759,4725172,0.006611,80.270000,0,33851.0432889
test_debug,190,4799975,4750006,0.006610,80.320000,0,34029.106617
test_debug,191,4824935,4774998,0.006569,80.240000,0,34206.093255
test_debug,192,4849895,4800030,0.006601,80.170000,0,34383.0072579
test_debug,193,4874898,4825102,0.006640,80.260000,0,34561.2415419
test_debug,194,4899827,4850173,0.006652,80.200000,0,34739.865278
test_debug,195,4924915,4875058,0.006624,80.090000,0,34917.3316128
test_debug,196,4949983,4900017,0.006641,80.110000,0,35094.8416541
test_debug,197,4975071,4924886,0.006581,80.440000,0,35272.2936249
test_debug,198,5000031,4949914,0.006589,80.190000,0,35449.094908
test_debug,199,5025076,4974924,0.006611,80.360000,0,35627.9448819
