Namespace(batch_size=128, calculator='relative', cuda=True, cutout=True, data_augmentation=True, dataset='cifar100', epochs=200, forwardlr=True, fp_selector='alwayson', learning_rate=0.1, length=8, lr_sched='/users/ahjiang/src/Cutout/pytorch-cifar/data/config/sysml20//cifar100/lr_sched_cifar100_wideresnet', model='wideresnet', n_holes=1, no_cuda=False, output_dir='./logs', prob_pow=1, sb=True, seed=0, strategy='sb')
Files already downloaded and verified
Files already downloaded and verified
Setting learning rate to 0.1 at 128 backprops
test_debug,0,50000,0,0.029489,11.890000,0,298.380558968
test_debug,1,74901,25099,0.026128,18.490000,0,478.030045033
test_debug,2,99802,50198,0.023018,25.520000,0,656.216512918
test_debug,3,124634,75304,0.021863,27.820000,0,834.220206976
test_debug,4,149774,100226,0.020097,32.590000,0,1014.82026696
test_debug,5,174665,125335,0.017273,40.150000,0,1194.37080097
test_debug,6,199625,150365,0.017125,40.050000,0,1372.99911594
test_debug,7,224659,175341,0.015752,43.760000,0,1553.57628584
test_debug,8,249689,200311,0.015215,46.240000,0,1733.93833804
test_debug,9,274501,225499,0.013804,50.170000,0,1913.80783606
test_debug,10,299461,250468,0.013395,51.300000,0,2092.45510197
test_debug,11,324421,275521,0.013114,52.730000,0,2270.91581297
test_debug,12,349509,300431,0.013720,50.780000,0,2450.01247001
test_debug,13,374707,325293,0.013093,52.950000,0,2631.60865402
test_debug,14,399667,350321,0.012161,55.960000,0,2810.09445786
test_debug,15,424593,375407,0.012528,53.370000,0,2990.17339993
test_debug,16,449553,400383,0.011634,58.210000,0,3168.74003601
test_debug,17,474710,425290,0.013420,52.600000,0,3348.13505483
test_debug,18,499666,450334,0.011593,58.030000,0,3528.79721284
test_debug,19,524740,475260,0.011724,57.920000,0,3709.92522883
test_debug,20,549778,500222,0.011705,58.190000,0,3890.25978088
test_debug,21,574724,525276,0.012811,54.960000,0,4068.71269703
test_debug,22,599766,550234,0.011389,59.110000,0,4249.12234402
test_debug,23,624598,575337,0.013606,53.710000,0,4427.12881494
test_debug,24,649643,600357,0.011905,58.160000,0,4607.66076398
test_debug,25,674679,625321,0.011534,59.460000,0,4788.07754803
test_debug,26,699591,650409,0.010377,62.530000,0,4966.29377103
test_debug,27,724551,675417,0.010965,61.510000,0,5144.73502994
test_debug,28,749584,700416,0.010997,61.460000,0,5324.94805503
test_debug,29,774628,725372,0.010421,62.650000,0,5505.49387383
test_debug,30,799528,750472,0.009925,64.390000,0,5685.01065898
test_debug,31,824343,775657,0.010354,63.110000,0,5864.82303691
test_debug,32,849111,800889,0.011361,60.550000,0,6043.83327699
test_debug,33,874178,825822,0.010020,64.330000,0,6224.71443701
test_debug,34,899098,850902,0.010491,62.870000,0,6404.79625702
test_debug,35,923970,876030,0.010787,61.650000,0,6583.99405789
test_debug,36,948930,901033,0.010166,63.780000,0,6762.35929394
test_debug,37,973890,926108,0.010878,62.040000,0,6940.85999584
test_debug,38,998960,951040,0.010967,62.460000,0,7119.840698
test_debug,39,1023792,976154,0.010683,62.840000,0,7297.87684703
test_debug,40,1048689,1001311,0.010036,65.290000,0,7477.36835289
test_debug,41,1073639,1026361,0.010290,63.410000,0,7657.85710502
test_debug,42,1098727,1051205,0.010037,64.430000,0,7836.83101702
test_debug,43,1123672,1076328,0.010393,63.990000,0,8017.19404197
test_debug,44,1148469,1101531,0.010095,64.120000,0,8196.51452184
test_debug,45,1173557,1126409,0.009709,65.490000,0,8375.59069705
test_debug,46,1198591,1151409,0.009803,65.020000,0,8554.44377089
test_debug,47,1223551,1176429,0.009912,65.720000,0,8733.01203704
test_debug,48,1248639,1201299,0.009587,65.800000,0,8911.83903193
test_debug,49,1273526,1226474,0.011957,60.970000,0,9091.30878901
test_debug,50,1298548,1251452,0.010168,64.130000,0,9271.28095794
test_debug,51,1323602,1276398,0.010133,65.530000,0,9449.87829089
test_debug,52,1348662,1301338,0.009855,65.400000,0,9630.30413198
test_debug,53,1373717,1326283,0.009965,65.790000,0,9810.74835706
test_debug,54,1398659,1351341,0.009503,66.230000,0,9988.95145702
test_debug,55,1423586,1376414,0.011304,62.330000,0,10167.1238029
test_debug,56,1448546,1401408,0.010080,64.590000,0,10345.565268
test_debug,57,1473614,1426386,0.010338,64.810000,0,10524.488369
test_debug,58,1498368,1451632,0.009466,66.750000,0,10703.319077
Setting learning rate to 0.01 at 1523456 backprops
test_debug,59,1523456,1476539,0.010565,64.360000,0,10882.4343889
test_debug,60,1548369,1501631,0.006244,77.280000,0,11062.4486539
test_debug,61,1573254,1526746,0.006300,77.390000,0,11241.8519919
test_debug,62,1598128,1551872,0.006258,78.040000,0,11421.0906119
test_debug,63,1622950,1577050,0.006234,78.140000,0,11598.8424211
test_debug,64,1647999,1602001,0.006392,78.040000,0,11779.3157139
test_debug,65,1673087,1626843,0.006413,78.330000,0,11958.267108
test_debug,66,1698047,1651898,0.006369,78.510000,0,12136.7610259
test_debug,67,1722931,1677069,0.006577,78.120000,0,12314.973917
test_debug,68,1747809,1702191,0.006696,78.090000,0,12494.2533948
test_debug,69,1772757,1727243,0.006644,78.210000,0,12674.58798
test_debug,70,1797589,1752390,0.006734,78.010000,0,12852.4094238
test_debug,71,1822598,1777402,0.006746,78.670000,0,13032.234627
test_debug,72,1847430,1802499,0.006755,78.790000,0,13210.196018
test_debug,73,1872476,1827524,0.006963,78.070000,0,13390.5446899
test_debug,74,1897180,1852750,0.006900,78.510000,0,13568.0019
test_debug,75,1922012,1877928,0.006934,78.310000,0,13745.7976639
test_debug,76,1946945,1903055,0.006994,78.390000,0,13926.0383599
test_debug,77,1971868,1928132,0.006881,78.400000,0,14106.2695239
test_debug,78,1996956,1953010,0.006969,78.160000,0,14285.2106059
test_debug,79,2021863,1978137,0.007092,78.240000,0,14464.9659228
test_debug,80,2046757,2003243,0.007044,78.440000,0,14643.307116
test_debug,81,2071670,2028330,0.007096,78.080000,0,14821.5938189
test_debug,82,2096546,2053454,0.007234,77.900000,0,15001.0156651
test_debug,83,2121442,2078558,0.007171,78.450000,0,15179.3620729
test_debug,84,2146274,2103686,0.007154,78.090000,0,15357.252739
test_debug,85,2171106,2128815,0.006978,78.880000,0,15535.240176
test_debug,86,2196050,2153950,0.007274,78.310000,0,15715.7933509
test_debug,87,2220944,2179056,0.007194,78.620000,0,15894.0351889
test_debug,88,2245853,2204147,0.007292,78.600000,0,16074.006716
test_debug,89,2270643,2229357,0.007301,78.340000,0,16251.8680749
test_debug,90,2295538,2254462,0.007358,78.460000,0,16431.513782
test_debug,91,2320328,2279672,0.007440,77.860000,0,16609.4429898
test_debug,92,2345209,2304791,0.007310,78.640000,0,16787.71029
test_debug,93,2370041,2329950,0.007259,78.520000,0,16965.8725619
test_debug,94,2395062,2354938,0.007256,78.720000,0,17146.0867529
test_debug,95,2420073,2379927,0.007416,78.080000,0,17326.2171268
test_debug,96,2445146,2404854,0.007193,78.350000,0,17505.4776399
test_debug,97,2470106,2429853,0.007488,77.990000,0,17684.1347408
test_debug,98,2495049,2454951,0.007401,78.210000,0,17862.7445509
test_debug,99,2520059,2479941,0.007342,77.960000,0,18041.6208138
test_debug,100,2544891,2505090,0.007476,77.720000,0,18219.823185
test_debug,101,2569851,2530095,0.007367,78.040000,0,18398.54125
test_debug,102,2594651,2555349,0.007382,77.810000,0,18578.350709
test_debug,103,2619559,2580441,0.007222,78.700000,0,18756.8572428
test_debug,104,2644391,2605556,0.007433,78.130000,0,18934.979341
test_debug,105,2669415,2630585,0.007481,78.130000,0,19113.9592919
test_debug,106,2694306,2655694,0.007446,77.900000,0,19292.366472
test_debug,107,2719266,2680666,0.007381,78.000000,0,19471.0949249
test_debug,108,2744325,2705675,0.007458,77.760000,0,19652.0154901
test_debug,109,2769230,2730770,0.007614,77.710000,0,19830.4352911
test_debug,110,2794062,2755910,0.007264,78.360000,0,20008.556828
test_debug,111,2818894,2781104,0.007425,77.690000,0,20186.6401169
test_debug,112,2843951,2806049,0.007355,77.660000,0,20367.5209279
test_debug,113,2868771,2831229,0.007098,78.410000,0,20545.607816
test_debug,114,2893603,2856389,0.007469,77.340000,0,20723.7934229
test_debug,115,2918378,2881622,0.007489,78.070000,0,20903.1613529
test_debug,116,2943171,2906829,0.007544,77.250000,0,21081.106581
test_debug,117,2967924,2932076,0.007857,77.400000,0,21258.769609
test_debug,118,2992884,2957100,0.007455,77.640000,0,21437.3776278
Setting learning rate to 0.001 at 3017918 backprops
test_debug,119,3017918,2982082,0.007730,77.330000,0,21616.383868
test_debug,120,3042878,3007105,0.006827,79.200000,0,21795.1343219
test_debug,121,3067816,3032184,0.006734,79.550000,0,21975.397187
test_debug,122,3092826,3057174,0.006730,79.750000,0,22154.4347239
test_debug,123,3117590,3082410,0.006691,79.800000,0,22333.6457379
test_debug,124,3142422,3107534,0.006700,79.760000,0,22511.8524919
test_debug,125,3167370,3132630,0.006714,79.760000,0,22690.476531
test_debug,126,3192072,3157928,0.006724,79.730000,0,22870.050658
test_debug,127,3216840,3183160,0.006706,79.950000,0,23047.9051321
test_debug,128,3241795,3208205,0.006661,79.930000,0,23228.493048
test_debug,129,3266677,3233323,0.006692,79.980000,0,23406.7385769
test_debug,130,3291509,3258413,0.006676,79.990000,0,23584.681931
test_debug,131,3316388,3283612,0.006677,79.860000,0,23764.310442
test_debug,132,3341192,3308808,0.006666,80.000000,0,23942.1882849
test_debug,133,3366098,3333902,0.006694,80.000000,0,24120.627914
test_debug,134,3391039,3358961,0.006664,79.940000,0,24301.200608
test_debug,135,3415798,3384202,0.006690,80.090000,0,24478.839401
test_debug,136,3440620,3409380,0.006677,80.000000,0,24656.778868
test_debug,137,3465452,3434526,0.006689,80.140000,0,24834.7467799
test_debug,138,3490337,3459663,0.006638,80.130000,0,25013.0179319
test_debug,139,3514960,3485040,0.006686,80.170000,0,25190.0732939
test_debug,140,3539733,3510267,0.006680,80.260000,0,25367.9012599
test_debug,141,3564565,3535396,0.006695,80.050000,0,25545.795619
test_debug,142,3589269,3560676,0.006629,80.110000,0,25723.2051799
test_debug,143,3613972,3586028,0.006650,80.040000,0,25902.8219779
test_debug,144,3638884,3611116,0.006685,79.910000,0,26081.233644
test_debug,145,3663460,3636463,0.006690,79.990000,0,26258.193634
test_debug,146,3688408,3661592,0.006684,79.820000,0,26436.7526069
test_debug,147,3713312,3686688,0.006667,80.090000,0,26616.607049
test_debug,148,3738084,3711916,0.006652,80.250000,0,26794.386184
test_debug,149,3762788,3737161,0.006657,80.080000,0,26971.9238799
test_debug,150,3787594,3762406,0.006668,80.250000,0,27151.78935
test_debug,151,3812357,3787643,0.006634,80.000000,0,27329.5336459
test_debug,152,3837004,3812996,0.006636,80.010000,0,27506.820339
test_debug,153,3861628,3838372,0.006646,80.090000,0,27685.175199
test_debug,154,3886456,3863544,0.006635,80.220000,0,27863.169163
test_debug,155,3911288,3888654,0.006662,80.150000,0,28041.1194029
test_debug,156,3936120,3913812,0.006666,80.010000,0,28219.1227329
test_debug,157,3961019,3938981,0.006680,79.960000,0,28398.9218791
test_debug,158,3985790,3964210,0.006687,80.140000,0,28576.6402988
test_debug,159,4010574,3989426,0.006692,80.080000,0,28754.4446459
test_debug,160,4035534,4014420,0.006637,80.070000,0,28933.06513
test_debug,161,4060327,4039673,0.006677,80.020000,0,29110.9441988
test_debug,162,4085118,4064882,0.006666,79.900000,0,29290.5015578
test_debug,163,4109810,4090190,0.006636,80.100000,0,29468.0278089
test_debug,164,4134514,4115413,0.006696,79.960000,0,29645.5216849
test_debug,165,4159316,4140684,0.006672,80.000000,0,29825.2752349
test_debug,166,4184091,4165909,0.006669,80.130000,0,30003.1911728
test_debug,167,4208923,4191041,0.006656,79.920000,0,30181.1882219
test_debug,168,4233711,4216289,0.006682,79.860000,0,30359.1886239
test_debug,169,4258490,4241510,0.006669,79.940000,0,30537.1885209
test_debug,170,4283322,4266626,0.006670,80.140000,0,30715.3048511
test_debug,171,4308154,4291770,0.006643,80.220000,0,30893.4586918
test_debug,172,4333107,4316893,0.006620,80.300000,0,31074.219918
test_debug,173,4357854,4342146,0.006659,80.100000,0,31253.265008
test_debug,174,4382684,4367316,0.006636,80.050000,0,31431.355099
test_debug,175,4407489,4392511,0.006649,80.090000,0,31609.4341059
test_debug,176,4432193,4417765,0.006609,80.000000,0,31787.039506
test_debug,177,4457025,4442939,0.006604,79.920000,0,31965.256521
test_debug,178,4481782,4468218,0.006624,80.040000,0,32143.0526879
test_debug,179,4506559,4493441,0.006647,80.260000,0,32321.058888
test_debug,180,4531595,4518405,0.006642,80.100000,0,32500.029021
test_debug,181,4556427,4543535,0.006648,80.040000,0,32677.9979529
test_debug,182,4581340,4568660,0.006588,80.030000,0,32856.5223019
test_debug,183,4606222,4593778,0.006598,80.150000,0,33034.7462568
test_debug,184,4630798,4619161,0.006589,80.360000,0,33211.7439649
test_debug,185,4655565,4644435,0.006618,80.210000,0,33389.6222529
test_debug,186,4680315,4669685,0.006618,80.070000,0,33567.412348
test_debug,187,4705147,4694779,0.006582,80.300000,0,33745.511764
test_debug,188,4729835,4720165,0.006591,80.300000,0,33923.0356169
test_debug,189,4754667,4745313,0.006617,79.900000,0,34101.095762
test_debug,190,4779437,4770563,0.006584,80.130000,0,34280.4370389
test_debug,191,4804269,4795687,0.006570,80.360000,0,34458.567585
test_debug,192,4829229,4820740,0.006586,80.380000,0,34637.135504
test_debug,193,4854054,4845946,0.006560,80.270000,0,34815.168577
test_debug,194,4878876,4871124,0.006631,80.240000,0,34993.1724069
test_debug,195,4903580,4896354,0.006614,80.270000,0,35170.6667819
test_debug,196,4928402,4921598,0.006598,80.330000,0,35348.594393
test_debug,197,4953176,4946824,0.006641,80.180000,0,35526.4594131
test_debug,198,4977864,4972136,0.006587,80.320000,0,35703.956732
test_debug,199,5002739,4997261,0.006599,80.200000,0,35882.031163
