Namespace(batch_size=128, calculator='relative', cuda=True, cutout=True, data_augmentation=True, dataset='cifar100', epochs=200, forwardlr=True, fp_selector='alwayson', learning_rate=0.1, length=8, lr_sched='/users/ahjiang/src/Cutout/pytorch-cifar/data/config/sysml20//cifar100/lr_sched_cifar100_wideresnet', model='wideresnet', n_holes=1, no_cuda=False, output_dir='./logs', prob_pow=4, sb=True, seed=0, strategy='sb')
Files already downloaded and verified
Files already downloaded and verified
Setting learning rate to 0.1 at 128 backprops
test_debug,0,50000,0,0.029764,12.220000,0,298.65634203
test_debug,1,59869,40131,0.030256,14.480000,0,415.449259996
test_debug,2,69888,80112,0.028898,17.150000,0,533.184740067
test_debug,3,79872,120125,0.027667,19.170000,0,649.780844927
test_debug,4,89895,160105,0.027146,18.890000,0,767.605114937
test_debug,5,99806,200194,0.025452,22.760000,0,885.162148952
test_debug,6,109751,240249,0.024563,23.110000,0,1003.33846807
test_debug,7,119698,280302,0.023738,26.100000,0,1121.57305694
test_debug,8,129619,320381,0.023332,27.340000,0,1239.40889096
test_debug,9,139635,360365,0.023256,28.370000,0,1357.16277194
test_debug,10,149551,400449,0.022164,27.830000,0,1474.82545495
test_debug,11,159609,440391,0.021167,30.100000,0,1593.25263786
test_debug,12,169525,480475,0.020558,32.110000,0,1709.60951495
test_debug,13,179528,520472,0.023543,25.510000,0,1827.13774586
test_debug,14,189540,560460,0.019801,33.050000,0,1944.77267504
test_debug,15,199524,600417,0.017640,40.360000,0,2061.52403498
test_debug,16,209446,640554,0.018267,39.240000,0,2179.36900187
test_debug,17,219399,680601,0.016907,43.270000,0,2297.66926694
test_debug,18,229346,720654,0.017224,40.770000,0,2414.0131979
test_debug,19,239405,760595,0.017136,41.240000,0,2532.41335297
test_debug,20,249340,800660,0.015998,44.930000,0,2650.42379189
test_debug,21,259299,840701,0.015469,45.350000,0,2768.79445195
test_debug,22,269245,880755,0.015103,47.480000,0,2886.89523697
test_debug,23,279148,920852,0.015814,44.170000,0,3004.4017179
test_debug,24,289050,960950,0.015016,47.790000,0,3121.86799788
test_debug,25,299060,1000940,0.016079,43.900000,0,3239.42120194
test_debug,26,309081,1040919,0.015256,45.860000,0,3356.99104691
test_debug,27,319098,1080902,0.014774,47.320000,0,3474.7163949
test_debug,28,329065,1120935,0.013906,50.840000,0,3593.13143086
test_debug,29,339081,1160919,0.014716,46.570000,0,3709.8169229
test_debug,30,348957,1201043,0.014149,49.570000,0,3826.72543097
test_debug,31,359016,1240984,0.012971,53.050000,0,3943.54168701
test_debug,32,369025,1280975,0.013277,51.730000,0,4061.00906801
test_debug,33,378963,1321037,0.013138,52.760000,0,4178.98864198
test_debug,34,388984,1361016,0.012782,53.680000,0,4295.76010799
test_debug,35,399008,1400992,0.013121,52.620000,0,4413.53568602
test_debug,36,409056,1440944,0.012266,55.380000,0,4531.67646599
test_debug,37,418962,1481038,0.013777,50.510000,0,4649.07722306
test_debug,38,428931,1521069,0.011971,56.440000,0,4767.57281685
test_debug,39,438933,1561067,0.014397,49.190000,0,4884.92333603
test_debug,40,448907,1601093,0.012039,56.800000,0,5003.3877449
test_debug,41,459006,1640994,0.012456,55.490000,0,5122.26200795
test_debug,42,469045,1680955,0.012526,54.380000,0,5238.93965101
test_debug,43,478945,1721055,0.012504,53.230000,0,5356.09400606
test_debug,44,488867,1761133,0.011183,59.010000,0,5472.32353401
test_debug,45,498789,1801211,0.011669,57.310000,0,5588.43656993
test_debug,46,508773,1841211,0.010829,60.210000,0,5704.95986295
test_debug,47,518719,1881281,0.010993,59.360000,0,5821.29812288
test_debug,48,528742,1921258,0.011639,57.690000,0,5937.78663898
test_debug,49,538757,1961243,0.011700,57.600000,0,6055.10179901
test_debug,50,548774,2001226,0.011023,58.900000,0,6171.5172739
test_debug,51,558818,2041182,0.010834,59.620000,0,6288.26505899
test_debug,52,568899,2081101,0.010895,60.170000,0,6405.11358905
test_debug,53,578833,2121167,0.010844,60.240000,0,6522.94501805
test_debug,54,588773,2161227,0.010232,62.330000,0,6640.87005687
test_debug,55,598600,2201400,0.010400,61.610000,0,6758.50263095
test_debug,56,608508,2241492,0.012134,56.660000,0,6875.81110787
test_debug,57,618466,2281534,0.010318,61.540000,0,6993.81707406
test_debug,58,628477,2321523,0.012220,56.100000,0,7111.15410995
Setting learning rate to 0.01 at 638408 backprops
test_debug,59,638408,2361592,0.010238,61.650000,0,7227.52397299
test_debug,60,648306,2401694,0.007667,72.010000,0,7344.83333492
test_debug,61,658251,2441749,0.007412,72.950000,0,7461.18974304
test_debug,62,668235,2481731,0.007313,73.090000,0,7577.74692893
test_debug,63,678251,2521749,0.007291,73.150000,0,7694.26102901
test_debug,64,688235,2561736,0.007218,73.220000,0,7810.77658892
test_debug,65,698210,2601790,0.007212,73.420000,0,7929.223212
test_debug,66,708218,2641782,0.007261,73.780000,0,8046.67337799
test_debug,67,718170,2681830,0.007174,73.880000,0,8164.82879806
test_debug,68,728138,2721862,0.007200,73.720000,0,8283.24357986
test_debug,69,738168,2761832,0.007230,74.060000,0,8399.85676384
test_debug,70,748129,2801871,0.007230,73.850000,0,8518.03188205
test_debug,71,758092,2841908,0.007193,74.120000,0,8636.20102596
test_debug,72,768093,2881907,0.007274,74.160000,0,8753.48726487
test_debug,73,778077,2921903,0.007252,74.060000,0,8869.94287086
test_debug,74,788155,2961845,0.007314,74.320000,0,8988.52489901
test_debug,75,798139,3001822,0.007302,74.150000,0,9104.99285102
test_debug,76,808169,3041831,0.007283,74.510000,0,9221.74296784
test_debug,77,818093,3081907,0.007367,74.310000,0,9339.60713196
test_debug,78,828105,3121895,0.007477,73.940000,0,9456.21492696
test_debug,79,837913,3162087,0.007503,74.300000,0,9572.20180893
test_debug,80,847891,3202109,0.007440,74.520000,0,9690.91312289
test_debug,81,857910,3242090,0.007575,74.180000,0,9807.68728089
test_debug,82,867878,3282122,0.007606,74.280000,0,9924.13449097
test_debug,83,877729,3322271,0.007631,74.290000,0,10042.1257739
test_debug,84,887806,3362194,0.007683,74.590000,0,10160.7571869
test_debug,85,897697,3402303,0.007617,74.620000,0,10276.977258
test_debug,86,907773,3442227,0.007723,74.860000,0,10395.6530049
test_debug,87,917780,3482220,0.007747,74.710000,0,10513.058074
test_debug,88,927727,3522273,0.007809,74.370000,0,10629.4431899
test_debug,89,937708,3562292,0.007807,75.000000,0,10748.0285199
test_debug,90,947662,3602338,0.007721,74.870000,0,10866.298306
test_debug,91,957645,3642355,0.007840,75.200000,0,10984.8258829
test_debug,92,967647,3682353,0.008067,74.240000,0,11101.5837231
test_debug,93,977536,3722464,0.007990,74.580000,0,11217.85024
test_debug,94,987415,3762585,0.007920,74.720000,0,11334.1273351
test_debug,95,997470,3802530,0.008063,74.840000,0,11452.4886448
test_debug,96,1007425,3842575,0.007982,74.740000,0,11568.981621
test_debug,97,1017397,3882603,0.008041,74.760000,0,11687.5274799
test_debug,98,1027352,3922648,0.008125,74.480000,0,11804.0279019
test_debug,99,1037383,3962617,0.008018,74.700000,0,11920.7586811
test_debug,100,1047317,4002683,0.008132,74.940000,0,12037.1306479
test_debug,101,1057382,4042618,0.008143,75.060000,0,12155.5290239
test_debug,102,1067430,4082570,0.008327,75.010000,0,12272.350234
test_debug,103,1077350,4122650,0.008330,74.810000,0,12388.67291
test_debug,104,1087325,4162675,0.008254,75.250000,0,12505.209662
test_debug,105,1097356,4202644,0.008401,75.620000,0,12621.9514239
test_debug,106,1107361,4242639,0.008228,75.250000,0,12739.5639601
test_debug,107,1117217,4282736,0.008234,75.010000,0,12855.481817
test_debug,108,1127236,4322764,0.008384,74.710000,0,12972.1893868
test_debug,109,1137300,4362700,0.008456,74.890000,0,13089.056417
test_debug,110,1147221,4402779,0.008325,74.970000,0,13205.391716
test_debug,111,1157195,4442805,0.008301,75.430000,0,13321.9352069
test_debug,112,1167074,4482926,0.008689,74.310000,0,13438.1535749
test_debug,113,1177006,4522994,0.008581,75.050000,0,13556.136457
test_debug,114,1186986,4563014,0.008581,75.200000,0,13674.775569
test_debug,115,1196997,4603003,0.008772,74.150000,0,13791.4585059
test_debug,116,1206851,4643149,0.008602,74.950000,0,13909.4192319
test_debug,117,1216695,4683305,0.008310,75.620000,0,14025.3757191
test_debug,118,1226763,4723237,0.008424,75.220000,0,14142.147893
Setting learning rate to 0.001 at 1236740 backprops
test_debug,119,1236740,4763260,0.008589,74.960000,0,14260.6722519
test_debug,120,1246768,4803232,0.008113,76.650000,0,14377.47893
test_debug,121,1256694,4843306,0.008009,76.990000,0,14495.3049331
test_debug,122,1266721,4883279,0.007990,76.900000,0,14613.264657
test_debug,123,1276577,4923389,0.007944,77.030000,0,14729.305306
test_debug,124,1286494,4963506,0.007998,77.030000,0,14846.9072061
test_debug,125,1296427,5003573,0.007997,77.270000,0,14964.5349979
test_debug,126,1306449,5043551,0.007981,77.100000,0,15082.0561531
test_debug,127,1316479,5083521,0.008005,77.240000,0,15198.6214969
test_debug,128,1326463,5123519,0.007966,77.420000,0,15314.976522
test_debug,129,1336319,5163637,0.007981,77.350000,0,15430.9498849
test_debug,130,1346262,5203738,0.007988,77.250000,0,15548.9170339
test_debug,131,1356140,5243860,0.008050,77.220000,0,15665.794929
test_debug,132,1366174,5283826,0.007989,77.230000,0,15782.4078341
test_debug,133,1376152,5323848,0.008037,77.190000,0,15898.8639729
test_debug,134,1386102,5363898,0.007983,77.230000,0,16015.0697839
test_debug,135,1396060,5403940,0.007999,77.440000,0,16131.363014
test_debug,136,1406140,5443860,0.008033,77.360000,0,16248.3058391
test_debug,137,1416177,5483823,0.008050,77.280000,0,16366.1850879
test_debug,138,1426267,5523733,0.008044,77.540000,0,16484.948416
test_debug,139,1436251,5563735,0.008020,77.520000,0,16601.3537569
test_debug,140,1446202,5603798,0.008066,77.520000,0,16719.3198419
test_debug,141,1456186,5643776,0.008036,77.450000,0,16835.6312149
test_debug,142,1466042,5683934,0.008005,77.430000,0,16951.5100229
test_debug,143,1476046,5723954,0.008084,77.440000,0,17068.1254311
test_debug,144,1486030,5763913,0.008073,77.440000,0,17184.5282691
test_debug,145,1495942,5804058,0.008044,77.700000,0,17301.84516
test_debug,146,1506013,5843987,0.008025,77.530000,0,17418.666832
test_debug,147,1515837,5884163,0.008024,77.640000,0,17534.364249
test_debug,148,1525768,5924232,0.008085,77.320000,0,17650.5595689
test_debug,149,1535750,5964250,0.008025,77.500000,0,17766.9060109
test_debug,150,1545788,6004212,0.008025,77.580000,0,17884.7926691
test_debug,151,1555712,6044288,0.008057,77.620000,0,18001.0509241
test_debug,152,1565568,6084381,0.008048,77.620000,0,18116.900696
test_debug,153,1575412,6124588,0.008060,77.540000,0,18232.665504
test_debug,154,1585359,6164641,0.008057,77.470000,0,18348.850328
test_debug,155,1595314,6204686,0.008064,77.510000,0,18465.229862
test_debug,156,1605241,6244759,0.008119,77.600000,0,18581.4094219
test_debug,157,1615187,6284813,0.008102,77.480000,0,18697.633543
test_debug,158,1625132,6324868,0.008083,77.490000,0,18813.945457
test_debug,159,1635079,6364921,0.008076,77.680000,0,18930.279031
test_debug,160,1645063,6404870,0.008105,77.360000,0,19046.5934761
test_debug,161,1654910,6445090,0.008121,77.420000,0,19162.4675109
test_debug,162,1664892,6485108,0.008148,77.420000,0,19278.8645039
test_debug,163,1674861,6525139,0.008134,77.530000,0,19395.2420099
test_debug,164,1684874,6565126,0.008158,77.460000,0,19512.5481479
test_debug,165,1694858,6605071,0.008140,77.520000,0,19629.0112009
test_debug,166,1704786,6645214,0.008169,77.580000,0,19747.028481
test_debug,167,1714724,6685276,0.008149,77.510000,0,19863.1281369
test_debug,168,1724708,6725217,0.008145,77.590000,0,19979.5884719
test_debug,169,1734544,6765456,0.008131,77.540000,0,20097.3642209
test_debug,170,1744528,6805471,0.008152,77.700000,0,20213.8083529
test_debug,171,1754539,6845461,0.008205,77.550000,0,20330.3723691
test_debug,172,1764519,6885481,0.008179,77.570000,0,20446.869328
test_debug,173,1774503,6925430,0.008156,77.480000,0,20563.168895
test_debug,174,1784559,6965441,0.008178,77.530000,0,20679.9966168
test_debug,175,1794625,7005375,0.008180,77.470000,0,20796.9290841
test_debug,176,1804574,7045426,0.008180,77.440000,0,20913.2898939
test_debug,177,1814558,7085395,0.008163,77.530000,0,21029.8462839
test_debug,178,1824523,7125477,0.008160,77.540000,0,21148.220681
test_debug,179,1834379,7165617,0.008178,77.620000,0,21264.159729
test_debug,180,1844363,7205637,0.008160,77.360000,0,21380.6147609
test_debug,181,1854264,7245736,0.008161,77.590000,0,21497.8190479
test_debug,182,1864220,7285780,0.008177,77.490000,0,21615.9751298
test_debug,183,1874242,7325758,0.008193,77.520000,0,21732.6226649
test_debug,184,1884224,7365776,0.008198,77.660000,0,21849.041774
test_debug,185,1894176,7405824,0.008200,77.530000,0,21965.174365
test_debug,186,1904114,7445886,0.008214,77.630000,0,22081.30355
test_debug,187,1914125,7485875,0.008233,77.290000,0,22197.71872
test_debug,188,1924040,7525960,0.008230,77.650000,0,22315.117696
test_debug,189,1933973,7566027,0.008242,77.470000,0,22431.4189429
test_debug,190,1943987,7606013,0.008263,77.510000,0,22549.018023
test_debug,191,1953971,7645979,0.008251,77.600000,0,22665.57587
test_debug,192,1963898,7686102,0.008200,77.490000,0,22781.8900011
test_debug,193,1973754,7726190,0.008199,77.530000,0,22897.850666
test_debug,194,1983610,7766361,0.008179,77.540000,0,23013.846009
test_debug,195,1993553,7806447,0.008206,77.480000,0,23130.1983399
test_debug,196,2003472,7846528,0.008163,77.320000,0,23247.795444
test_debug,197,2013437,7886563,0.008203,77.080000,0,23364.2498779
test_debug,198,2023464,7926536,0.008249,77.330000,0,23481.0632069
test_debug,199,2033470,7966530,0.008259,77.310000,0,23597.7551379
