Namespace(batch_size=128, calculator='random', cuda=True, cutout=True, data_augmentation=True, dataset='cifar100', epochs=200, forwardlr=True, fp_selector='alwayson', learning_rate=0.1, length=8, lr_sched='/users/ahjiang/src/Cutout/pytorch-cifar/data/config/sysml20//cifar100/lr_sched_cifar100_wideresnet', model='wideresnet', n_holes=1, no_cuda=False, output_dir='./logs', prob_pow=4, sb=True, seed=0, strategy='sb')
Files already downloaded and verified
Files already downloaded and verified
Setting learning rate to 0.1 at 128 backprops
test_debug,0,50000,0,0.030554,10.870000,0,300.517084837
test_debug,1,60093,39907,0.027012,17.530000,0,417.773783922
test_debug,2,70016,79984,0.028013,17.400000,0,533.804394007
test_debug,3,79918,120082,0.026245,20.400000,0,649.588759899
test_debug,4,89926,160074,0.035457,14.080000,0,765.429851055
test_debug,5,100008,199992,0.022202,28.310000,0,882.552366018
test_debug,6,110157,239843,0.025027,23.940000,0,999.198848963
test_debug,7,120294,279706,0.025333,23.620000,0,1115.65981698
test_debug,8,130205,319795,0.021308,30.630000,0,1231.43729997
test_debug,9,140125,359875,0.024607,25.620000,0,1347.31414104
test_debug,10,150147,399853,0.021160,32.330000,0,1463.31919193
test_debug,11,160207,439793,0.020791,33.780000,0,1580.09135294
test_debug,12,170159,479841,0.018832,37.560000,0,1696.47671103
test_debug,13,180197,519803,0.019166,37.450000,0,1812.8099339
test_debug,14,189987,560013,0.020116,36.210000,0,1928.2694869
test_debug,15,200056,599944,0.019676,35.570000,0,2045.24822903
test_debug,16,210080,639920,0.017823,40.400000,0,2161.34219098
test_debug,17,220272,679728,0.018730,37.750000,0,2277.17237306
test_debug,18,230302,719698,0.018829,38.240000,0,2392.35127306
test_debug,19,240414,759578,0.018179,40.530000,0,2507.91946101
test_debug,20,250320,799680,0.017615,41.700000,0,2623.78242588
test_debug,21,260394,839606,0.016299,44.610000,0,2740.77708793
test_debug,22,270426,879574,0.015299,46.340000,0,2857.06245995
test_debug,23,280353,919647,0.016118,44.530000,0,2973.31545997
test_debug,24,290241,959759,0.018999,40.010000,0,3088.78372693
test_debug,25,300125,999875,0.021972,36.270000,0,3204.18144083
test_debug,26,310197,1039803,0.015335,46.950000,0,3321.20317197
test_debug,27,320400,1079600,0.015902,46.930000,0,3438.79225302
test_debug,28,330373,1119627,0.016057,46.520000,0,3555.79451585
test_debug,29,340318,1159682,0.015148,49.270000,0,3672.30072284
test_debug,30,350517,1199483,0.014674,50.130000,0,3789.96430397
test_debug,31,360562,1239438,0.016347,46.850000,0,3906.54147601
test_debug,32,370518,1279482,0.015253,47.640000,0,4023.08207202
test_debug,33,380364,1319636,0.013773,51.810000,0,4139.44040895
test_debug,34,390316,1359684,0.015230,49.870000,0,4254.15792584
test_debug,35,400276,1399724,0.017098,45.410000,0,4370.83681393
test_debug,36,410300,1439700,0.015793,48.070000,0,4486.00495791
test_debug,37,420384,1479616,0.015113,49.390000,0,4601.22626305
test_debug,38,430485,1519515,0.013668,52.670000,0,4716.55001497
test_debug,39,440437,1559563,0.014705,49.910000,0,4831.24740601
test_debug,40,450523,1599477,0.013357,53.490000,0,4948.39430189
test_debug,41,460615,1639385,0.014149,52.840000,0,5065.59835696
test_debug,42,470471,1679511,0.016013,48.250000,0,5179.90633297
test_debug,43,480583,1719389,0.014975,49.430000,0,5295.27482796
test_debug,44,490730,1759270,0.016584,46.920000,0,5411.89853883
test_debug,45,500692,1799308,0.013983,52.710000,0,5528.58715606
test_debug,46,510771,1839229,0.013328,54.590000,0,5645.57386804
test_debug,47,520930,1879070,0.014283,51.110000,0,5762.29807401
test_debug,48,530957,1919043,0.013934,53.490000,0,5878.58520699
test_debug,49,540877,1959123,0.014982,50.890000,0,5993.216115
test_debug,50,550824,1999176,0.014174,52.560000,0,6107.98316884
test_debug,51,560665,2039335,0.014341,51.790000,0,6224.12897897
test_debug,52,570625,2079375,0.014533,52.530000,0,6338.87199593
test_debug,53,580660,2119340,0.015382,50.260000,0,6455.30784583
test_debug,54,590570,2159430,0.014772,52.900000,0,6569.95355487
test_debug,55,600750,2199250,0.014170,52.990000,0,6687.152704
test_debug,56,610690,2239310,0.013842,53.730000,0,6803.56478691
test_debug,57,620582,2279418,0.016812,48.730000,0,6919.16074395
test_debug,58,630603,2319397,0.014726,51.940000,0,7034.28684998
Setting learning rate to 0.01 at 640609 backprops
test_debug,59,640609,2359391,0.014944,49.710000,0,7150.10983586
test_debug,60,650652,2399348,0.008836,67.640000,0,7266.62165189
test_debug,61,660697,2439303,0.008392,68.980000,0,7381.85063505
test_debug,62,670650,2479350,0.008168,69.720000,0,7498.47071886
test_debug,63,680601,2519399,0.008170,69.900000,0,7613.33085203
test_debug,64,690445,2559555,0.008044,70.430000,0,7729.67214704
test_debug,65,700535,2599465,0.008048,70.450000,0,7844.976156
test_debug,66,710598,2639402,0.007924,71.100000,0,7961.77817392
test_debug,67,720675,2679325,0.007893,71.340000,0,8078.785151
test_debug,68,730729,2719271,0.007805,71.410000,0,8195.44977784
test_debug,69,740707,2759293,0.007770,71.810000,0,8312.39604592
test_debug,70,750744,2799256,0.007830,71.270000,0,8428.88042688
test_debug,71,760681,2839319,0.007741,71.940000,0,8545.19625401
test_debug,72,770780,2879220,0.007786,71.670000,0,8662.61355686
test_debug,73,780936,2919064,0.007743,71.800000,0,8779.42098284
test_debug,74,790806,2959194,0.007810,71.950000,0,8894.57731485
test_debug,75,800763,2999237,0.007754,72.180000,0,9011.09812593
test_debug,76,810856,3039144,0.007744,72.010000,0,9126.52878284
test_debug,77,820796,3079204,0.007791,71.960000,0,9241.25434804
test_debug,78,830749,3119251,0.007748,72.410000,0,9355.99960303
test_debug,79,840634,3159366,0.007783,71.900000,0,9471.4776299
test_debug,80,850571,3199429,0.007665,72.450000,0,9586.21559596
test_debug,81,860506,3239494,0.007750,72.380000,0,9700.88035297
test_debug,82,870618,3279353,0.007790,71.970000,0,9816.36229992
test_debug,83,880730,3319206,0.007610,72.380000,0,9931.76737785
test_debug,84,890783,3359217,0.007775,72.570000,0,10048.4400809
test_debug,85,900793,3399207,0.007795,72.080000,0,10164.2495449
test_debug,86,910758,3439242,0.007866,71.640000,0,10279.0150669
test_debug,87,920726,3479274,0.007614,72.730000,0,10395.735059
test_debug,88,930637,3519363,0.007781,73.180000,0,10510.2115889
test_debug,89,940637,3559363,0.007655,73.050000,0,10625.5868459
test_debug,90,950557,3599443,0.007642,72.790000,0,10740.2512228
test_debug,91,960541,3639384,0.007863,72.230000,0,10854.984215
test_debug,92,970592,3679408,0.007749,72.690000,0,10970.1230431
test_debug,93,980694,3719306,0.007955,72.530000,0,11085.4321549
test_debug,94,990544,3759456,0.007701,73.090000,0,11199.7622569
test_debug,95,1000493,3799507,0.007641,73.080000,0,11314.516721
test_debug,96,1010467,3839533,0.008081,72.200000,0,11429.242336
test_debug,97,1020485,3879515,0.007738,73.180000,0,11545.149286
test_debug,98,1030584,3919416,0.007979,72.340000,0,11660.457207
test_debug,99,1040597,3959403,0.007929,72.850000,0,11775.393939
test_debug,100,1050566,3999434,0.007927,72.720000,0,11890.170536
test_debug,101,1060637,4039363,0.007915,72.750000,0,12005.3283129
test_debug,102,1070647,4079353,0.007930,72.300000,0,12120.247431
test_debug,103,1080515,4119485,0.008076,72.530000,0,12235.3011448
test_debug,104,1090466,4159534,0.007837,72.950000,0,12349.9169979
test_debug,105,1100375,4199625,0.007977,72.650000,0,12464.395422
test_debug,106,1110453,4239547,0.007874,73.150000,0,12581.306154
test_debug,107,1120590,4279410,0.008062,72.410000,0,12696.7180269
test_debug,108,1130602,4319398,0.007753,73.600000,0,12811.7509999
test_debug,109,1140623,4359377,0.007660,73.590000,0,12926.9167519
test_debug,110,1150512,4399488,0.008031,72.790000,0,13042.4956
test_debug,111,1160496,4439485,0.008171,72.710000,0,13157.1973879
test_debug,112,1170480,4479487,0.007975,72.570000,0,13271.9599779
test_debug,113,1180464,4519496,0.007892,73.250000,0,13386.717907
test_debug,114,1190388,4559612,0.008022,72.410000,0,13501.3090088
test_debug,115,1200345,4599655,0.007948,72.920000,0,13616.1218178
test_debug,116,1210379,4639621,0.008052,72.810000,0,13731.247683
test_debug,117,1220212,4679788,0.007960,72.820000,0,13847.315958
test_debug,118,1230196,4719756,0.008061,72.400000,0,13962.124965
Setting learning rate to 0.001 at 1240180 backprops
test_debug,119,1240180,4759746,0.008045,73.300000,0,14076.864589
test_debug,120,1250005,4799995,0.007460,75.040000,0,14190.934128
test_debug,121,1260093,4839907,0.007322,75.450000,0,14306.135994
test_debug,122,1270115,4879885,0.007312,75.460000,0,14421.1353719
test_debug,123,1280276,4919724,0.007251,75.400000,0,14537.912385
test_debug,124,1290328,4959672,0.007253,75.700000,0,14652.9719748
test_debug,125,1300146,4999854,0.007241,75.720000,0,14767.0444601
test_debug,126,1310186,5039814,0.007251,75.560000,0,14883.494817
test_debug,127,1320295,5079705,0.007162,75.760000,0,15000.930377
test_debug,128,1330121,5119879,0.007197,75.830000,0,15115.0996809
test_debug,129,1339954,5160046,0.007174,76.020000,0,15229.326129
test_debug,130,1350097,5199903,0.007205,76.020000,0,15345.729954
test_debug,131,1360038,5239962,0.007169,76.040000,0,15460.4632978
test_debug,132,1370058,5279942,0.007178,76.100000,0,15575.5314438
test_debug,133,1379970,5320030,0.007178,76.130000,0,15690.1169639
test_debug,134,1389898,5360102,0.007181,75.880000,0,15806.166261
test_debug,135,1399946,5400054,0.007204,75.870000,0,15921.259089
test_debug,136,1409802,5440139,0.007217,75.970000,0,16035.5370889
test_debug,137,1419850,5480150,0.007253,75.820000,0,16150.6997159
test_debug,138,1429962,5519966,0.007229,76.070000,0,16266.1337008
test_debug,139,1439818,5560111,0.007204,76.170000,0,16380.446192
test_debug,140,1449606,5600394,0.007213,75.980000,0,16495.770704
test_debug,141,1459590,5640407,0.007206,76.090000,0,16610.54965
test_debug,142,1469631,5680369,0.007229,75.890000,0,16726.9186809
test_debug,143,1479657,5720343,0.007271,75.770000,0,16843.0430789
test_debug,144,1489769,5760197,0.007282,75.980000,0,16958.450036
test_debug,145,1499704,5800296,0.007245,76.050000,0,17073.0948009
test_debug,146,1509763,5840237,0.007263,75.880000,0,17189.8377519
test_debug,147,1519648,5880352,0.007265,75.910000,0,17304.303936
test_debug,148,1529614,5920386,0.007204,76.000000,0,17421.016758
test_debug,149,1539854,5960105,0.007222,76.140000,0,17536.882977
test_debug,150,1550044,5999956,0.007284,75.830000,0,17654.0802479
test_debug,151,1560156,6039836,0.007274,76.090000,0,17769.308701
test_debug,152,1570261,6079739,0.007266,76.120000,0,17886.610589
test_debug,153,1580312,6119688,0.007230,76.290000,0,18001.810137
test_debug,154,1590334,6159666,0.007264,76.110000,0,18116.8790848
test_debug,155,1600589,6199411,0.007292,75.970000,0,18233.6159799
test_debug,156,1610680,6239320,0.007237,76.150000,0,18350.891603
test_debug,157,1620761,6279239,0.007272,75.980000,0,18466.2124329
test_debug,158,1630820,6319180,0.007266,76.070000,0,18581.383388
test_debug,159,1640767,6359233,0.007298,76.050000,0,18696.1720669
test_debug,160,1650697,6399303,0.007280,76.100000,0,18812.442822
test_debug,161,1660743,6439257,0.007269,76.060000,0,18927.629014
test_debug,162,1670921,6479079,0.007321,75.900000,0,19044.8224049
test_debug,163,1680805,6519195,0.007324,76.170000,0,19159.3534169
test_debug,164,1690689,6559311,0.007330,75.920000,0,19273.8988929
test_debug,165,1700670,6599330,0.007305,76.040000,0,19388.8160999
test_debug,166,1710620,6639380,0.007276,76.050000,0,19503.5779519
test_debug,167,1720566,6679434,0.007278,76.070000,0,19618.32723
test_debug,168,1730492,6719508,0.007264,76.370000,0,19733.035629
test_debug,169,1740476,6759509,0.007293,76.160000,0,19847.9303958
test_debug,170,1750484,6799516,0.007352,76.010000,0,19962.9569249
test_debug,171,1760630,6839370,0.007294,76.200000,0,20078.5207109
test_debug,172,1770607,6879393,0.007279,76.320000,0,20193.4257319
test_debug,173,1780629,6919371,0.007329,76.190000,0,20308.488204
test_debug,174,1790646,6959354,0.007355,75.900000,0,20423.585916
test_debug,175,1800699,6999301,0.007381,76.240000,0,20538.8193669
test_debug,176,1810758,7039242,0.007319,76.180000,0,20654.0996499
test_debug,177,1820659,7079341,0.007428,75.960000,0,20769.8084669
test_debug,178,1830664,7119336,0.007359,76.250000,0,20885.6673028
test_debug,179,1840603,7159397,0.007377,76.350000,0,21001.9846909
test_debug,180,1850622,7199378,0.007392,76.090000,0,21117.012614
test_debug,181,1860765,7239235,0.007438,75.980000,0,21232.522186
test_debug,182,1870842,7279158,0.007388,76.100000,0,21347.7495859
test_debug,183,1880889,7319111,0.007445,75.900000,0,21464.222415
test_debug,184,1891045,7358955,0.007407,76.000000,0,21579.9326639
test_debug,185,1901026,7398974,0.007383,75.980000,0,21694.7530189
test_debug,186,1910952,7439048,0.007435,76.220000,0,21809.36046
test_debug,187,1920936,7479025,0.007364,76.330000,0,21924.145947
test_debug,188,1931010,7518990,0.007414,76.300000,0,22039.3772368
test_debug,189,1941059,7558941,0.007427,76.320000,0,22155.810961
test_debug,190,1951012,7598988,0.007455,76.390000,0,22270.510982
test_debug,191,1960991,7639009,0.007445,76.320000,0,22387.4112959
test_debug,192,1970946,7679054,0.007417,76.360000,0,22503.995698
test_debug,193,1981007,7718993,0.007420,76.270000,0,22620.6602209
test_debug,194,1990863,7759137,0.007440,76.490000,0,22734.913425
test_debug,195,2000834,7799166,0.007406,76.440000,0,22849.7063749
test_debug,196,2010816,7839184,0.007436,76.170000,0,22966.631444
test_debug,197,2020775,7879225,0.007412,76.350000,0,23083.3283229
test_debug,198,2030631,7919314,0.007401,76.280000,0,23197.65167
test_debug,199,2040509,7959491,0.007516,76.440000,0,23312.1305211
