Namespace(batch_size=128, calculator='relative', cuda=True, cutout=True, data_augmentation=True, dataset='cifar10', forwardlr=True, fp_selector='alwayson', hours=10.0, kath_oversampling_rate=4.0, learning_rate=0.1, length=16, lr_sched='/users/ahjiang/src/Cutout/pytorch-cifar/data/config/sysml20//cifar10/lr_sched_cifar10_wideresnet_0.8x', model='wideresnet', n_holes=1, no_cuda=False, output_dir='./logs', prob_pow=3.0, sb=True, seed=0, staleness=2, strategy='nofilter')
Files already downloaded and verified
Files already downloaded and verified
Setting learning rate to 0.1 at 128 backprops
test_debug,0,50000,0,0.011983,50.350000,0,240.36113286
test_debug,1,100000,0,0.010178,58.960000,0,462.0078969
test_debug,2,150000,0,0.006594,71.480000,0,683.833711863
test_debug,3,200000,0,0.008731,63.210000,0,905.662157059
test_debug,4,250000,0,0.005246,77.430000,0,1127.39208698
test_debug,5,300000,0,0.006396,73.740000,0,1349.198246
test_debug,6,350000,0,0.005547,76.700000,0,1571.01708102
test_debug,7,400000,0,0.005778,76.970000,0,1792.72022986
test_debug,8,450000,0,0.006309,75.280000,0,2014.40495586
test_debug,9,500000,0,0.004626,80.490000,0,2235.941746
test_debug,10,550000,0,0.004251,82.510000,0,2457.39075089
test_debug,11,600000,0,0.005051,79.740000,0,2678.92377996
test_debug,12,650000,0,0.004959,79.980000,0,2900.40681505
test_debug,13,700000,0,0.005623,78.850000,0,3121.97554398
test_debug,14,750000,0,0.004990,80.100000,0,3343.44987988
test_debug,15,800000,0,0.005298,79.850000,0,3564.91693306
test_debug,16,850000,0,0.003761,84.190000,0,3786.42946696
test_debug,17,900000,0,0.003473,84.710000,0,4008.00123286
test_debug,18,950000,0,0.004730,81.170000,0,4229.45452785
test_debug,19,1000000,0,0.003486,85.020000,0,4451.03272486
test_debug,20,1050000,0,0.003864,83.230000,0,4672.60765886
test_debug,21,1100000,0,0.003629,84.790000,0,4894.19638801
test_debug,22,1150000,0,0.004517,81.220000,0,5115.7933979
test_debug,23,1200000,0,0.004266,83.410000,0,5337.36553502
test_debug,24,1250000,0,0.004435,81.590000,0,5558.91197801
test_debug,25,1300000,0,0.003493,85.520000,0,5780.44569206
test_debug,26,1350000,0,0.003450,85.200000,0,6001.99229288
test_debug,27,1400000,0,0.003684,84.730000,0,6223.49533486
test_debug,28,1450000,0,0.004393,82.640000,0,6445.01918101
test_debug,29,1500000,0,0.003834,83.770000,0,6666.53322291
test_debug,30,1550000,0,0.004497,82.580000,0,6887.9102819
test_debug,31,1600000,0,0.003327,86.140000,0,7109.33410001
test_debug,32,1650000,0,0.004338,82.240000,0,7330.80124903
test_debug,33,1700000,0,0.003622,84.640000,0,7552.14957595
test_debug,34,1750000,0,0.002969,87.480000,0,7773.52177095
test_debug,35,1800000,0,0.003621,84.620000,0,7994.87929797
test_debug,36,1850000,0,0.003281,86.210000,0,8216.28449106
test_debug,37,1900000,0,0.003884,83.760000,0,8437.61689806
test_debug,38,1950000,0,0.003658,85.110000,0,8658.96384692
test_debug,39,2000000,0,0.004282,82.400000,0,8880.37295604
test_debug,40,2050000,0,0.003718,85.410000,0,9101.84705901
test_debug,41,2100000,0,0.004160,83.590000,0,9323.19162893
test_debug,42,2150000,0,0.002949,87.730000,0,9544.62581205
test_debug,43,2200000,0,0.002662,88.540000,0,9766.05113292
test_debug,44,2250000,0,0.004733,81.570000,0,9987.37032294
test_debug,45,2300000,0,0.003184,86.180000,0,10208.768271
test_debug,46,2350000,0,0.003433,85.340000,0,10430.085937
test_debug,47,2400000,0,0.003839,84.260000,0,10651.352843
Setting learning rate to 0.02 at 2400128 backprops
test_debug,48,2450000,0,0.001485,93.450000,0,10872.6415191
test_debug,49,2500000,0,0.001469,93.750000,0,11093.93325
test_debug,50,2550000,0,0.001473,93.840000,0,11315.282027
test_debug,51,2600000,0,0.001395,94.070000,0,11536.6124198
test_debug,52,2650000,0,0.001372,94.240000,0,11757.840802
test_debug,53,2700000,0,0.001467,94.000000,0,11979.1883171
test_debug,54,2750000,0,0.001426,94.170000,0,12200.483541
test_debug,55,2800000,0,0.001404,94.120000,0,12421.7670889
test_debug,56,2850000,0,0.001412,93.990000,0,12643.0535939
test_debug,57,2900000,0,0.001644,92.910000,0,12864.3890591
test_debug,58,2950000,0,0.001516,93.730000,0,13085.8010979
test_debug,59,3000000,0,0.001674,93.020000,0,13307.224771
test_debug,60,3050000,0,0.001482,93.580000,0,13528.703084
test_debug,61,3100000,0,0.001633,93.260000,0,13750.20101
test_debug,62,3150000,0,0.001891,92.800000,0,13971.627862
test_debug,63,3200000,0,0.001968,91.940000,0,14193.039485
test_debug,64,3250000,0,0.001809,92.580000,0,14414.4581499
test_debug,65,3300000,0,0.001492,93.850000,0,14636.000644
test_debug,66,3350000,0,0.001587,93.460000,0,14857.565249
test_debug,67,3400000,0,0.001698,93.010000,0,15079.086529
test_debug,68,3450000,0,0.002011,91.990000,0,15300.634007
test_debug,69,3500000,0,0.001829,92.620000,0,15522.151686
test_debug,70,3550000,0,0.001900,92.570000,0,15743.7131929
test_debug,71,3600000,0,0.001746,93.180000,0,15965.2364359
test_debug,72,3650000,0,0.001608,93.440000,0,16186.6378679
test_debug,73,3700000,0,0.001701,92.840000,0,16408.2042329
test_debug,74,3750000,0,0.001667,93.360000,0,16629.666554
test_debug,75,3800000,0,0.001660,93.510000,0,16851.0647349
test_debug,76,3850000,0,0.001739,92.970000,0,17072.6078761
test_debug,77,3900000,0,0.001800,93.000000,0,17294.1353269
test_debug,78,3950000,0,0.001961,92.210000,0,17515.6733809
test_debug,79,4000000,0,0.001923,92.160000,0,17737.1978619
test_debug,80,4050000,0,0.001701,92.810000,0,17958.675472
test_debug,81,4100000,0,0.001849,92.540000,0,18180.1478379
test_debug,82,4150000,0,0.001682,93.190000,0,18401.6299589
test_debug,83,4200000,0,0.001690,93.470000,0,18622.993443
test_debug,84,4250000,0,0.001740,92.880000,0,18844.4296699
test_debug,85,4300000,0,0.001518,93.630000,0,19065.8641961
test_debug,86,4350000,0,0.001738,92.760000,0,19287.34833
test_debug,87,4400000,0,0.001478,93.560000,0,19508.9330618
test_debug,88,4450000,0,0.001627,93.350000,0,19730.386409
test_debug,89,4500000,0,0.001683,93.260000,0,19951.8834989
test_debug,90,4550000,0,0.001574,93.700000,0,20173.404459
test_debug,91,4600000,0,0.002238,91.690000,0,20394.8936589
test_debug,92,4650000,0,0.001847,92.790000,0,20616.350831
test_debug,93,4700000,0,0.001785,92.820000,0,20837.831032
test_debug,94,4750000,0,0.001614,93.390000,0,21059.2959089
test_debug,95,4800000,0,0.001712,93.300000,0,21280.6872609
Setting learning rate to 0.004 at 4800128 backprops
test_debug,96,4850000,0,0.001014,95.900000,0,21502.0502439
test_debug,97,4900000,0,0.000991,96.050000,0,21723.385253
test_debug,98,4950000,0,0.000978,96.280000,0,21944.792098
test_debug,99,5000000,0,0.000991,96.100000,0,22166.252363
test_debug,100,5050000,0,0.000992,96.030000,0,22387.6086059
test_debug,101,5100000,0,0.000975,96.210000,0,22609.0647619
test_debug,102,5150000,0,0.000984,96.160000,0,22830.325212
test_debug,103,5200000,0,0.001005,96.130000,0,23051.6931241
test_debug,104,5250000,0,0.000980,96.210000,0,23272.9932671
test_debug,105,5300000,0,0.000965,96.430000,0,23494.271874
test_debug,106,5350000,0,0.000989,96.230000,0,23715.547709
test_debug,107,5400000,0,0.000991,96.280000,0,23936.804847
test_debug,108,5450000,0,0.000971,96.360000,0,24158.1513209
test_debug,109,5500000,0,0.000945,96.380000,0,24379.460927
test_debug,110,5550000,0,0.000947,96.500000,0,24600.8119159
test_debug,111,5600000,0,0.001007,96.260000,0,24822.1327429
test_debug,112,5650000,0,0.001014,96.330000,0,25043.357918
test_debug,113,5700000,0,0.001073,96.290000,0,25264.801507
test_debug,114,5750000,0,0.001002,96.290000,0,25486.148612
test_debug,115,5800000,0,0.001006,96.310000,0,25707.49594
test_debug,116,5850000,0,0.000951,96.550000,0,25928.7886069
test_debug,117,5900000,0,0.000978,96.390000,0,26150.126193
test_debug,118,5950000,0,0.001089,96.170000,0,26371.4314549
test_debug,119,6000000,0,0.000992,96.230000,0,26592.88308
test_debug,120,6050000,0,0.001136,95.950000,0,26814.210896
test_debug,121,6100000,0,0.001104,96.140000,0,27035.604681
test_debug,122,6150000,0,0.001087,96.090000,0,27256.9065111
test_debug,123,6200000,0,0.001060,96.220000,0,27478.2942579
test_debug,124,6250000,0,0.001090,96.030000,0,27699.76248
test_debug,125,6300000,0,0.001043,96.210000,0,27921.167206
test_debug,126,6350000,0,0.001077,96.140000,0,28142.530093
test_debug,127,6400000,0,0.001144,95.990000,0,28363.865289
Setting learning rate to 0.0008 at 6400128 backprops
test_debug,128,6450000,0,0.000967,96.530000,0,28585.2128899
test_debug,129,6500000,0,0.000944,96.620000,0,28806.472239
test_debug,130,6550000,0,0.000937,96.750000,0,29027.8588459
test_debug,131,6600000,0,0.000928,96.740000,0,29249.3148949
test_debug,132,6650000,0,0.000898,96.770000,0,29470.670357
test_debug,133,6700000,0,0.000934,96.780000,0,29692.1341031
test_debug,134,6750000,0,0.000922,96.840000,0,29913.5632479
test_debug,135,6800000,0,0.000925,96.720000,0,30134.992177
test_debug,136,6850000,0,0.000912,96.550000,0,30356.3175349
test_debug,137,6900000,0,0.000906,96.880000,0,30577.639678
test_debug,138,6950000,0,0.000917,96.780000,0,30799.0244219
test_debug,139,7000000,0,0.000944,96.640000,0,31020.3186789
test_debug,140,7050000,0,0.000926,96.840000,0,31241.6228189
test_debug,141,7100000,0,0.000911,96.830000,0,31462.996635
test_debug,142,7150000,0,0.000899,96.900000,0,31684.338347
test_debug,143,7200000,0,0.000903,96.740000,0,31905.66748
test_debug,144,7250000,0,0.000914,96.830000,0,32127.0551229
test_debug,145,7300000,0,0.000903,96.860000,0,32348.4040279
test_debug,146,7350000,0,0.000917,96.770000,0,32569.6969519
test_debug,147,7400000,0,0.000896,96.840000,0,32791.075434
test_debug,148,7450000,0,0.000868,96.990000,0,33012.488476
test_debug,149,7500000,0,0.000918,96.770000,0,33233.8257039
test_debug,150,7550000,0,0.000903,96.860000,0,33455.2608681
test_debug,151,7600000,0,0.000888,96.860000,0,33676.690537
test_debug,152,7650000,0,0.000906,96.780000,0,33898.1102068
test_debug,153,7700000,0,0.000897,96.820000,0,34119.52003
test_debug,154,7750000,0,0.000913,96.810000,0,34340.888752
test_debug,155,7800000,0,0.000930,96.890000,0,34562.304812
test_debug,156,7850000,0,0.000913,96.830000,0,34783.7282848
test_debug,157,7900000,0,0.000908,96.830000,0,35005.0619419
test_debug,158,7950000,0,0.000926,96.740000,0,35226.4780469
test_debug,159,8000000,0,0.000926,96.740000,0,35447.8296509
test_debug,160,8050000,0,0.000920,96.860000,0,35669.1360199
test_debug,161,8100000,0,0.000906,96.870000,0,35890.4745359
test_debug,162,8150000,0,0.000921,96.840000,0,36111.915446
