Namespace(batch_size=128, calculator='relative', cuda=True, cutout=True, data_augmentation=False, dataset='svhn', epochs=160, forwardlr=True, fp_selector='alwayson', learning_rate=0.1, length=20, lr_sched='/users/ahjiang/src/Cutout/pytorch-cifar/data/config/sysml20//svhn/lr_sched_svhn_wideresnet', model='wideresnet', n_holes=1, no_cuda=False, output_dir='./logs', prob_pow=4, sb=True, seed=0, strategy='sb')
Using downloaded and verified file: data/train_32x32.mat
Using downloaded and verified file: data/extra_32x32.mat
Using downloaded and verified file: data/test_32x32.mat
Setting learning rate to 0.1 at 128 backprops
test_debug,0,604388,0,0.001774,93.577136,0,3179.60728097
test_debug,1,724864,483912,0.002229,92.436232,0,4399.05829811
test_debug,2,845523,967641,0.001438,95.351875,0,5620.88369012
test_debug,3,966147,1451405,0.001128,96.669484,0,6838.89317203
test_debug,4,1086584,1935356,0.001415,95.720652,0,8060.96174002
test_debug,5,1207085,2419243,0.001150,96.588814,0,9279.73451805
test_debug,6,1327532,2903184,0.001062,96.707898,0,10498.5841641
test_debug,7,1448004,3387100,0.001219,96.124001,0,11716.223978
test_debug,8,1568906,3870586,0.001141,96.715581,0,12936.8341081
test_debug,9,1689988,4353892,0.001127,96.627228,0,14157.7133751
test_debug,10,1810672,4837596,0.001101,96.738629,0,15377.990608
test_debug,11,1931236,5321420,0.001048,96.899969,0,16600.135325
test_debug,12,2051790,5805254,0.000988,96.984481,0,17821.0864301
test_debug,13,2172494,6288938,0.001141,96.723264,0,19033.7646689
test_debug,14,2293198,6772606,0.001075,97.068992,0,20249.5524561
test_debug,15,2413978,7256230,0.001142,96.408267,0,21467.310446
test_debug,16,2534170,7740342,0.001084,96.873079,0,22679.5525911
test_debug,17,2654843,8224141,0.001022,96.892286,0,23898.8952551
test_debug,18,2775675,8707671,0.001068,96.796251,0,25115.9229519
test_debug,19,2896209,9191551,0.001086,96.719422,0,26335.958308
test_debug,20,3016198,9675950,0.001096,96.669484,0,27549.957799
test_debug,21,3136846,10159690,0.001190,96.415950,0,28769.155966
test_debug,22,3257243,10643681,0.001474,95.559312,0,29987.0717289
test_debug,23,3377817,11127495,0.001091,96.734788,0,31207.2093
test_debug,24,3498455,11611245,0.001158,96.511985,0,32427.632652
test_debug,25,3619321,12094767,0.001113,96.730947,0,33646.8685989
test_debug,26,3739769,12578638,0.001112,96.934542,0,34861.689327
test_debug,27,3860597,13062267,0.001137,96.638752,0,36081.571528
test_debug,28,3981119,13546133,0.001426,95.355716,0,37299.8692989
test_debug,29,4101333,14030307,0.001474,94.829441,0,38515.4018941
test_debug,30,4221990,14514038,0.001173,96.346804,0,39736.236428
test_debug,31,4342739,14997677,0.001116,96.992163,0,40954.2342989
test_debug,32,4463648,15481156,0.001027,97.076675,0,42172.085757
test_debug,33,4584159,15965033,0.001117,96.446681,0,43388.8753991
test_debug,34,4704447,16449133,0.001122,96.519668,0,44607.545023
test_debug,35,4825358,16932610,0.001034,96.850031,0,45827.5800819
test_debug,36,4945624,17416732,0.001084,96.784726,0,47041.2286839
test_debug,37,5065688,17900983,0.001064,96.926859,0,48254.853462
test_debug,38,5186502,18384630,0.001072,97.068992,0,49477.3407052
test_debug,39,5306762,18868758,0.001276,96.312231,0,50695.275048
test_debug,40,5427187,19352721,0.001185,96.139367,0,51915.1226161
test_debug,41,5548201,19836095,0.001113,96.654118,0,53134.7397439
test_debug,42,5668705,20319979,0.001322,95.590043,0,54353.4724832
