Namespace(batch_size=128, calculator='relative', cuda=True, cutout=True, data_augmentation=False, dataset='svhn', epochs=160, forwardlr=True, fp_selector='alwayson', learning_rate=0.1, length=20, lr_sched='/users/ahjiang/src/Cutout/pytorch-cifar/data/config/sysml20//svhn/lr_sched_svhn_wideresnet', model='wideresnet', n_holes=1, no_cuda=False, output_dir='./logs', prob_pow=1, sb=True, seed=0, strategy='sb')
Using downloaded and verified file: data/train_32x32.mat
Using downloaded and verified file: data/extra_32x32.mat
Using downloaded and verified file: data/test_32x32.mat
Setting learning rate to 0.1 at 128 backprops
test_debug,0,604388,0,0.001709,93.911340,0,3151.45893312
test_debug,1,906084,302649,0.001588,94.426091,0,5006.58307195
test_debug,2,1208099,605065,0.001426,95.175169,0,6865.09041095
test_debug,3,1510299,907253,0.001280,95.666872,0,8725.45812297
test_debug,4,1812742,1209198,0.001386,95.432545,0,10592.3334031
test_debug,5,2114388,1511940,0.001158,96.243085,0,12451.5748341
test_debug,6,2416458,1814258,0.001264,95.762907,0,14317.3851349
test_debug,7,2718771,2116333,0.001364,95.374923,0,16176.974226
test_debug,8,3020723,2418676,0.001531,94.648894,0,18033.219949
test_debug,9,3322254,2721626,0.001455,94.979256,0,19888.6412799
test_debug,10,3624195,3024073,0.001313,95.624616,0,21748.2339501
test_debug,11,3925697,3326959,0.001486,94.748771,0,23604.1353621
test_debug,12,4227498,3629546,0.001326,95.520897,0,25463.42471
test_debug,13,4529834,3931510,0.001683,94.072680,0,27318.4905751
test_debug,14,4832298,4233448,0.001356,95.317302,0,29177.2240951
test_debug,15,5134330,4535878,0.001495,94.910111,0,31035.9221861
test_debug,16,5436091,4838505,0.001283,95.858943,0,32893.125838
test_debug,17,5737787,5141158,0.001426,95.048402,0,34748.2238879
test_debug,18,6039784,5443588,0.001491,94.725722,0,36604.525656
test_debug,19,6341453,5746307,0.001356,95.486325,0,38461.1199651
test_debug,20,6642958,6049190,0.001318,95.451752,0,40313.908463
test_debug,21,6944654,6351797,0.001472,94.937001,0,42164.794368
test_debug,22,7246293,6654631,0.001257,95.935771,0,44024.530798
test_debug,23,7547941,6957371,0.001477,94.775661,0,45880.2518141
test_debug,24,7849893,7259781,0.001242,95.843577,0,47734.555351
test_debug,25,8152229,7561838,0.001506,94.917793,0,49589.541389
test_debug,26,8454181,7864290,0.001315,95.578519,0,51445.73686
test_debug,27,8756386,8166478,0.001350,95.486325,0,53305.937232
