Namespace(batch_size=128, calculator='random', cuda=True, cutout=True, data_augmentation=False, dataset='svhn', epochs=160, forwardlr=True, fp_selector='alwayson', learning_rate=0.1, length=20, lr_sched='/users/ahjiang/src/Cutout/pytorch-cifar/data/config/sysml20//svhn/lr_sched_svhn_wideresnet', model='wideresnet', n_holes=1, no_cuda=False, output_dir='./logs', prob_pow=4, sb=True, seed=0, strategy='sb')
Using downloaded and verified file: data/train_32x32.mat
Using downloaded and verified file: data/extra_32x32.mat
Using downloaded and verified file: data/test_32x32.mat
Setting learning rate to 0.1 at 128 backprops
test_debug,0,604388,0,0.001969,92.785802,0,3151.57784891
test_debug,1,725451,483325,0.001911,92.920252,0,4314.75883293
test_debug,2,846458,966706,0.001686,93.972803,0,5472.75141191
test_debug,3,967589,1449963,0.001755,93.765366,0,6631.59492779
test_debug,4,1088927,1933013,0.001481,94.779502,0,7791.96039295
test_debug,5,1210009,2416319,0.001517,94.794868,0,8948.24833083
test_debug,6,1330713,2899955,0.001795,93.554087,0,10103.1106439
test_debug,7,1451233,3383871,0.001619,94.333897,0,11258.3727369
test_debug,8,1571990,3867502,0.001526,94.694991,0,12414.1577048
test_debug,9,1693206,4350591,0.001497,94.771819,0,13570.415375
test_debug,10,1814090,4834178,0.002044,93.031653,0,14724.9418778
test_debug,11,1934959,5317697,0.001515,94.518285,0,15878.3958149
test_debug,12,2055864,5801180,0.001696,93.984327,0,17033.1653938
test_debug,13,2176652,6284780,0.001690,93.776890,0,18191.5876558
test_debug,14,2297837,6767983,0.001525,94.476030,0,19347.739306
test_debug,15,2418797,7251379,0.001501,94.771819,0,20500.7932029
test_debug,16,2540131,7734465,0.001458,95.086816,0,21659.2310078
test_debug,17,2660707,8218224,0.001402,95.198218,0,22810.210763
test_debug,18,2781589,8701783,0.001812,93.246773,0,23964.9766059
test_debug,19,2903003,9184757,0.001503,94.825599,0,25121.9985328
test_debug,20,3023579,9668559,0.001481,94.944683,0,26271.1633339
test_debug,21,3144462,10152074,0.001627,94.303165,0,27425.5907879
test_debug,22,3265674,10635250,0.001641,94.445298,0,28581.4720349
test_debug,23,3386599,11118713,0.001429,95.006146,0,29737.9518569
test_debug,24,3507499,11602201,0.001447,94.875538,0,30892.5222368
test_debug,25,3628195,12085893,0.001568,94.595114,0,32047.7943189
test_debug,26,3748253,12570223,0.001447,95.109865,0,33197.490274
test_debug,27,3869268,13053596,0.001700,94.053473,0,34351.837508
test_debug,28,3990100,13537089,0.001967,92.950983,0,35502.7989419
test_debug,29,4110542,14021098,0.001696,94.003534,0,36651.96924
test_debug,30,4230897,14505131,0.001715,93.961278,0,37805.888814
test_debug,31,4352241,14988118,0.001625,94.137984,0,38959.6765218
test_debug,32,4473198,15471606,0.001684,94.030424,0,40115.4586999
test_debug,33,4594493,15954699,0.001630,94.191764,0,41272.0271668
test_debug,34,4715351,16438229,0.001575,94.399201,0,42425.099684
test_debug,35,4836801,16921167,0.002105,92.336355,0,43583.0087998
test_debug,36,4957442,17404914,0.001774,93.484942,0,44736.3800209
test_debug,37,5078440,17888304,0.001572,94.641211,0,45890.8427839
test_debug,38,5199484,18371648,0.001632,94.234020,0,47043.2789738
test_debug,39,5319932,18855536,0.001495,94.864014,0,48193.3030438
test_debug,40,5440844,19339064,0.002107,92.040565,0,49348.4213009
test_debug,41,5561617,19822679,0.001913,92.985556,0,50502.1545348
test_debug,42,5682675,20306009,0.001523,94.675784,0,51658.1626208
test_debug,43,5803123,20789931,0.001813,93.300553,0,52807.3235168
test_debug,44,5924265,21273195,0.001623,94.333897,0,53962.1915889
