Namespace(batch_size=128, calculator='random', cuda=True, cutout=True, data_augmentation=False, dataset='svhn', epochs=160, forwardlr=True, fp_selector='alwayson', learning_rate=0.1, length=20, lr_sched='/users/ahjiang/src/Cutout/pytorch-cifar/data/config/sysml20//svhn/lr_sched_svhn_wideresnet', model='wideresnet', n_holes=1, no_cuda=False, output_dir='./logs', prob_pow=1, sb=True, seed=0, strategy='sb')
Using downloaded and verified file: data/train_32x32.mat
Using downloaded and verified file: data/extra_32x32.mat
Using downloaded and verified file: data/test_32x32.mat
Setting learning rate to 0.1 at 128 backprops
test_debug,0,604388,0,0.001605,94.341580,0,3154.26978207
test_debug,1,907050,301726,0.001540,94.648894,0,4954.26556706
test_debug,2,1209514,603584,0.001678,93.907498,0,6747.23160696
test_debug,3,1512164,905388,0.001674,94.210971,0,8542.87849498
test_debug,4,1815012,1206879,0.001392,95.209742,0,10337.3403389
test_debug,5,2117048,1509280,0.001567,94.456822,0,12130.4572351
test_debug,6,2418872,1811778,0.001580,94.376152,0,13921.304889
test_debug,7,2720432,2114672,0.001684,94.041948,0,15715.3478839
test_debug,8,3023019,2416473,0.001718,93.796097,0,17511.313189
test_debug,9,3325703,2718177,0.001475,94.829441,0,19306.7926731
test_debug,10,3628295,3019970,0.001626,94.241703,0,21101.2592521
test_debug,11,3930759,3321897,0.001492,95.082975,0,22892.601934
test_debug,12,4233442,3623602,0.001638,94.134143,0,24686.781729
test_debug,13,4536674,3924736,0.002040,92.290258,0,26481.2460599
test_debug,14,4838317,4227503,0.001536,94.575907,0,28272.576453
test_debug,15,5140488,4529720,0.001957,92.824216,0,30062.1321061
test_debug,16,5442440,4832155,0.001712,93.980486,0,31850.735534
test_debug,17,5744264,5134636,0.001322,95.467117,0,33639.3264301
test_debug,18,6046425,5436947,0.001770,93.734634,0,35430.8722801
test_debug,19,6349017,5738736,0.001432,95.036878,0,37220.568753
test_debug,20,6650585,6041513,0.001448,94.994622,0,39009.784137
test_debug,21,6953139,6343397,0.001643,94.076521,0,40808.3468089
test_debug,22,7254835,6646009,0.001432,95.082975,0,42603.739295
test_debug,23,7556659,6948603,0.001479,94.787185,0,44397.0208671
test_debug,24,7859061,7250639,0.001975,92.977873,0,46194.2051439
test_debug,25,8161599,7552489,0.001774,93.703903,0,47993.9730401
test_debug,26,8464184,7854292,0.002225,91.902274,0,49794.076952
test_debug,27,8766776,8156052,0.001907,93.073909,0,51587.1066041
test_debug,28,9069315,8457937,0.001519,94.856331,0,53377.854584
