Namespace(batch_size=128, calculator='random', cuda=True, cutout=True, data_augmentation=False, dataset='svhn', epochs=160, forwardlr=True, fp_selector='alwayson', learning_rate=0.1, length=20, lr_sched='/users/ahjiang/src/Cutout/pytorch-cifar/data/config/sysml20//svhn/lr_sched_svhn_wideresnet', model='wideresnet', n_holes=1, no_cuda=False, output_dir='./logs', prob_pow=2, sb=True, seed=0, strategy='sb')
Using downloaded and verified file: data/train_32x32.mat
Using downloaded and verified file: data/extra_32x32.mat
Using downloaded and verified file: data/test_32x32.mat
Setting learning rate to 0.1 at 128 backprops
test_debug,0,604388,0,0.001365,95.367240,0,3169.97218299
test_debug,1,805719,403057,0.001440,94.967732,0,4614.17007685
test_debug,2,1007191,805927,0.001451,94.971573,0,6053.35655403
test_debug,3,1208407,1209140,0.001781,93.584819,0,7493.97016287
test_debug,4,1409495,1612407,0.001537,94.614321,0,8933.73004484
test_debug,5,1611720,2014608,0.001540,94.687308,0,10379.3858058
test_debug,6,1813308,2417408,0.001470,94.994622,0,11822.1786048
test_debug,7,2014822,2820282,0.001759,93.623233,0,13262.515136
test_debug,8,2217062,3222398,0.001628,94.195605,0,14703.46246
test_debug,9,2418714,3625166,0.001538,94.752612,0,16145.073174
test_debug,10,2619674,4028525,0.001530,94.764136,0,17580.9982688
test_debug,11,2821914,4430663,0.001679,94.011217,0,19022.311404
test_debug,12,3022997,4834047,0.001644,94.088045,0,20461.705395
test_debug,13,3224292,5237140,0.002017,92.447757,0,21901.7435811
test_debug,14,3425508,5640244,0.001380,95.294253,0,23336.5956059
test_debug,15,3627052,6043156,0.001837,93.319760,0,24777.7409639
test_debug,16,3828897,6445699,0.001460,94.871696,0,26219.7634718
test_debug,17,4030625,6848289,0.001872,93.208359,0,27658.451962
test_debug,18,4232442,7250930,0.002062,92.044407,0,29099.1204979
test_debug,19,4433914,7653838,0.001600,94.088045,0,30537.189882
test_debug,20,4634746,8057392,0.001594,94.207130,0,31970.2267449
test_debug,21,4835888,8460648,0.001519,94.756454,0,33405.986244
test_debug,22,5037360,8863524,0.001497,94.652735,0,34841.0830491
test_debug,23,5238832,9266434,0.001646,94.064997,0,36275.5611889
test_debug,24,5440234,9669466,0.001852,93.281346,0,37712.6907799
test_debug,25,5641680,10072408,0.001543,94.664259,0,39150.2111568
test_debug,26,5843280,10475196,0.001525,94.829441,0,40584.966965
test_debug,27,6044878,10877986,0.001419,94.971573,0,42024.2506909
test_debug,28,6246423,11280829,0.001795,93.377382,0,43461.9169939
test_debug,29,6448279,11683315,0.001653,94.168715,0,44899.260937
test_debug,30,6649852,12086176,0.001759,93.673171,0,46337.38462
test_debug,31,6851949,12488467,0.001831,93.246773,0,47775.894098
test_debug,32,7053293,12891509,0.001305,95.609250,0,49212.0803409
test_debug,33,7254307,13294885,0.001990,93.335126,0,50645.8134689
test_debug,34,7455779,13697720,0.001639,94.157191,0,52080.6353209
test_debug,35,7656928,14101040,0.001532,94.683467,0,53517.172591
test_debug,36,7858100,14504256,0.001626,94.072680,0,54953.8100181
