Namespace(batch_size=128, calculator='relative', cuda=True, cutout=True, data_augmentation=False, dataset='svhn', epochs=160, forwardlr=True, fp_selector='alwayson', learning_rate=0.1, length=20, lr_sched='/users/ahjiang/src/Cutout/pytorch-cifar/data/config/sysml20//svhn/lr_sched_svhn_wideresnet', model='wideresnet', n_holes=1, no_cuda=False, output_dir='./logs', prob_pow=2, sb=True, seed=0, strategy='sb')
Using downloaded and verified file: data/train_32x32.mat
Using downloaded and verified file: data/extra_32x32.mat
Using downloaded and verified file: data/test_32x32.mat
Setting learning rate to 0.1 at 128 backprops
test_debug,0,604388,0,0.001600,94.245544,0,3145.90093803
test_debug,1,805557,403219,0.001320,95.651506,0,4647.12210011
test_debug,2,1006493,806671,0.001226,95.974186,0,6150.5246191
test_debug,3,1207965,1209511,0.001207,96.258451,0,7649.9201889
test_debug,4,1409565,1612364,0.001230,95.889674,0,9150.46367407
test_debug,5,1610840,2015488,0.001162,96.316073,0,10653.0775731
test_debug,6,1811859,2418857,0.001161,96.185464,0,12152.4272771
test_debug,7,2013249,2821855,0.001128,96.396742,0,13654.6426909
test_debug,8,2214209,3225265,0.001153,96.542717,0,15153.0975211
test_debug,9,2415213,3628667,0.001355,95.255839,0,16651.4223759
test_debug,10,2615858,4032410,0.001240,95.901199,0,18151.804925
test_debug,11,2816917,4435739,0.001103,96.515827,0,19654.527807
test_debug,12,3018213,4838831,0.001123,96.419791,0,21158.3049099
test_debug,13,3219602,5241830,0.001369,95.536263,0,22659.1001561
test_debug,14,3420782,5645038,0.001191,96.135526,0,24159.7008719
test_debug,15,3621742,6048388,0.001072,96.784726,0,25657.8096161
test_debug,16,3822702,6451871,0.001212,96.097111,0,27153.0142739
test_debug,17,4024299,6854685,0.001187,96.108636,0,28655.9547989
test_debug,18,4225515,7257798,0.001400,95.148279,0,30154.8716159
test_debug,19,4426441,7661319,0.001141,96.319914,0,31654.805423
test_debug,20,4627521,8064627,0.001164,96.266134,0,33157.3751559
test_debug,21,4828685,8467851,0.001574,94.660418,0,34658.6946771
test_debug,22,5029065,8871859,0.001125,96.596497,0,36158.4496319
test_debug,23,5230317,9274995,0.001196,96.158574,0,37661.7319219
test_debug,24,5431533,9678095,0.001163,96.246927,0,39160.749927
test_debug,25,5632560,10081528,0.001294,95.716810,0,40660.8138771
test_debug,26,5833392,10485020,0.001204,96.074063,0,42160.2351539
test_debug,27,6034293,10888571,0.001368,95.417179,0,43656.8649249
test_debug,28,6235810,11291442,0.001235,95.870467,0,45155.5239179
test_debug,29,6437154,11694392,0.001090,96.638752,0,46649.7995949
test_debug,30,6638227,12097801,0.001167,96.342963,0,48148.1267321
test_debug,31,6839262,12501154,0.001333,95.436386,0,49647.575295
test_debug,32,7040677,12904127,0.001153,96.435157,0,51147.6995089
test_debug,33,7242373,13306819,0.001017,96.796251,0,52648.4782829
test_debug,34,7443685,13709895,0.001162,96.358328,0,54145.949816
