Namespace(batch_size=128, calculator='relative', cuda=True, cutout=True, data_augmentation=True, dataset='cifar10', epochs=200, forwardlr=True, fp_selector='alwayson', kath_oversampling_rate=3, learning_rate=0.1, length=16, lr_sched='/home/ahjiang/Cutout/pytorch-cifar/data/config/sysml20//cifar10/lr_sched_cifar10_wideresnet', model='wideresnet', n_holes=1, no_cuda=False, output_dir='./logs', pickle_dir='./logs/pickles/', prob_pow=2, sb=True, seed=0, strategy='nofilter')
Files already downloaded and verified
50
[WARNING] RANDOMIZING 50 of TARGETS
Files already downloaded and verified
Setting learning rate to 0.1 at 128 backprops
test_debug,0,50000,0,0.013123,44.090000,0,130.474145889
test_debug,1,100000,0,0.011383,56.230000,0,249.634757996
test_debug,2,150000,0,0.008553,67.110000,0,372.795027971
test_debug,3,200000,0,0.006143,73.890000,0,498.99168396
test_debug,4,250000,0,0.006654,71.870000,0,623.484358072
test_debug,5,300000,0,0.005403,77.480000,0,748.338629007
test_debug,6,350000,0,0.005103,79.090000,0,872.286760092
test_debug,7,400000,0,0.007082,72.220000,0,996.285351992
test_debug,8,450000,0,0.006027,75.530000,0,1120.02364802
test_debug,9,500000,0,0.007011,72.630000,0,1241.03621697
test_debug,10,550000,0,0.003771,83.880000,0,1365.40973401
test_debug,11,600000,0,0.005744,77.340000,0,1488.42708898
test_debug,12,650000,0,0.004422,81.050000,0,1610.72862101
test_debug,13,700000,0,0.004014,83.010000,0,1735.0397141
test_debug,14,750000,0,0.004156,82.440000,0,1859.22729588
test_debug,15,800000,0,0.004469,81.460000,0,1983.63041592
test_debug,16,850000,0,0.004755,80.110000,0,2109.58394194
test_debug,17,900000,0,0.003956,83.390000,0,2231.72985506
test_debug,18,950000,0,0.004744,80.750000,0,2355.88889599
test_debug,19,1000000,0,0.005096,79.540000,0,2482.358639
test_debug,20,1050000,0,0.005548,77.260000,0,2607.71298695
test_debug,21,1100000,0,0.004577,81.640000,0,2732.15480804
test_debug,22,1150000,0,0.004002,82.840000,0,2858.16229987
test_debug,23,1200000,0,0.003589,84.200000,0,2981.54485202
test_debug,24,1250000,0,0.003807,83.330000,0,3107.50060105
test_debug,25,1300000,0,0.003739,84.540000,0,3230.55202389
test_debug,26,1350000,0,0.003458,85.160000,0,3353.92955804
test_debug,27,1400000,0,0.004533,82.220000,0,3479.97710991
test_debug,28,1450000,0,0.004057,83.140000,0,3601.98898292
test_debug,29,1500000,0,0.004380,82.220000,0,3728.94682598
test_debug,30,1550000,0,0.003805,83.910000,0,3853.12631702
test_debug,31,1600000,0,0.003157,86.310000,0,3976.74822903
test_debug,32,1650000,0,0.003253,86.080000,0,4101.318501
test_debug,33,1700000,0,0.003685,84.950000,0,4226.8985641
test_debug,34,1750000,0,0.006664,75.040000,0,4353.37214589
test_debug,35,1800000,0,0.004475,81.700000,0,4479.55934906
test_debug,36,1850000,0,0.004329,82.850000,0,4604.33125591
test_debug,37,1900000,0,0.003292,86.510000,0,4728.61178493
test_debug,38,1950000,0,0.003264,86.430000,0,4852.76853395
test_debug,39,2000000,0,0.003681,84.760000,0,4977.08913898
test_debug,40,2050000,0,0.003603,84.690000,0,5102.60810208
test_debug,41,2100000,0,0.003044,87.020000,0,5223.53525496
test_debug,42,2150000,0,0.003824,83.980000,0,5345.07781196
test_debug,43,2200000,0,0.005025,80.260000,0,5468.98073792
test_debug,44,2250000,0,0.003477,85.610000,0,5593.89047909
test_debug,45,2300000,0,0.003997,84.000000,0,5717.25152802
test_debug,46,2350000,0,0.002683,88.790000,0,5841.19486189
test_debug,47,2400000,0,0.003224,86.400000,0,5964.29123902
test_debug,48,2450000,0,0.004740,82.480000,0,6089.69211698
test_debug,49,2500000,0,0.003530,85.770000,0,6214.23217487
test_debug,50,2550000,0,0.004691,82.110000,0,6336.17503095
test_debug,51,2600000,0,0.002942,87.320000,0,6461.9324739
test_debug,52,2650000,0,0.003823,84.810000,0,6586.60984397
test_debug,53,2700000,0,0.004911,81.040000,0,6710.61227107
test_debug,54,2750000,0,0.003815,84.810000,0,6833.15257502
test_debug,55,2800000,0,0.002730,88.210000,0,6956.88086009
test_debug,56,2850000,0,0.003363,85.940000,0,7081.53472996
test_debug,57,2900000,0,0.004181,83.450000,0,7203.62843704
test_debug,58,2950000,0,0.003539,85.060000,0,7326.19684291
test_debug,59,3000000,0,0.003407,85.730000,0,7449.65223193
Setting learning rate to 0.02 at 3000128 backprops
test_debug,60,3050000,0,0.001450,93.680000,0,7573.21029806
test_debug,61,3100000,0,0.001377,93.960000,0,7694.72099304
test_debug,62,3150000,0,0.001508,93.600000,0,7818.69960403
test_debug,63,3200000,0,0.001306,94.230000,0,7944.44513488
test_debug,64,3250000,0,0.001332,94.210000,0,8063.89330506
test_debug,65,3300000,0,0.001469,93.850000,0,8188.91362095
test_debug,66,3350000,0,0.001403,94.040000,0,8313.88894105
test_debug,67,3400000,0,0.001668,93.160000,0,8438.07635593
test_debug,68,3450000,0,0.001513,93.710000,0,8562.95276999
test_debug,69,3500000,0,0.001476,93.930000,0,8685.88985395
test_debug,70,3550000,0,0.001524,93.690000,0,8808.2174089
test_debug,71,3600000,0,0.001478,93.870000,0,8933.42134404
test_debug,72,3650000,0,0.001689,93.030000,0,9054.95919108
test_debug,73,3700000,0,0.001615,93.320000,0,9182.20722508
test_debug,74,3750000,0,0.001566,93.690000,0,9307.98485208
test_debug,75,3800000,0,0.001523,93.960000,0,9431.67433095
test_debug,76,3850000,0,0.001718,93.080000,0,9555.27957201
test_debug,77,3900000,0,0.001841,92.530000,0,9678.95637608
test_debug,78,3950000,0,0.001744,92.900000,0,9801.63289595
test_debug,79,4000000,0,0.001544,93.620000,0,9928.41691089
test_debug,80,4050000,0,0.001988,92.370000,0,10052.8643229
test_debug,81,4100000,0,0.001736,92.660000,0,10175.8820591
test_debug,82,4150000,0,0.001643,93.320000,0,10301.9218659
test_debug,83,4200000,0,0.001795,92.900000,0,10425.7884629
test_debug,84,4250000,0,0.001472,93.960000,0,10549.3623309
test_debug,85,4300000,0,0.001543,93.520000,0,10678.095506
test_debug,86,4350000,0,0.001684,93.210000,0,10802.2022331
test_debug,87,4400000,0,0.001749,92.950000,0,10928.1787109
test_debug,88,4450000,0,0.001500,93.900000,0,11053.132015
test_debug,89,4500000,0,0.001703,92.930000,0,11175.5325439
test_debug,90,4550000,0,0.001463,94.020000,0,11299.418128
test_debug,91,4600000,0,0.001546,93.880000,0,11427.1849079
test_debug,92,4650000,0,0.001654,93.470000,0,11551.5124259
test_debug,93,4700000,0,0.001877,92.840000,0,11675.6097291
test_debug,94,4750000,0,0.001482,94.030000,0,11799.6412549
test_debug,95,4800000,0,0.001660,93.340000,0,11925.499012
test_debug,96,4850000,0,0.001891,92.610000,0,12049.941308
test_debug,97,4900000,0,0.001542,94.090000,0,12172.556637
test_debug,98,4950000,0,0.001470,93.630000,0,12298.753571
test_debug,99,5000000,0,0.002131,91.740000,0,12424.8757319
test_debug,100,5050000,0,0.001868,92.590000,0,12548.8770671
test_debug,101,5100000,0,0.001613,93.800000,0,12673.592093
test_debug,102,5150000,0,0.001705,93.260000,0,12797.9535661
test_debug,103,5200000,0,0.001726,93.180000,0,12922.4780431
test_debug,104,5250000,0,0.001950,92.680000,0,13047.282392
test_debug,105,5300000,0,0.001738,93.320000,0,13175.2846379
test_debug,106,5350000,0,0.001577,93.650000,0,13300.3610399
test_debug,107,5400000,0,0.001653,93.510000,0,13424.0514281
test_debug,108,5450000,0,0.001939,92.410000,0,13549.6796679
test_debug,109,5500000,0,0.001838,92.820000,0,13675.2995501
test_debug,110,5550000,0,0.001778,93.150000,0,13798.427474
test_debug,111,5600000,0,0.001423,94.310000,0,13924.2042661
test_debug,112,5650000,0,0.002258,91.520000,0,14047.4641259
test_debug,113,5700000,0,0.001419,94.330000,0,14171.4361401
test_debug,114,5750000,0,0.001672,93.430000,0,14296.235121
test_debug,115,5800000,0,0.001950,92.500000,0,14417.8894749
test_debug,116,5850000,0,0.001637,93.360000,0,14542.8648949
test_debug,117,5900000,0,0.001990,92.430000,0,14667.2912991
test_debug,118,5950000,0,0.001705,93.350000,0,14792.413722
test_debug,119,6000000,0,0.001558,93.680000,0,14916.7296181
Setting learning rate to 0.004 at 6000128 backprops
test_debug,120,6050000,0,0.001064,96.030000,0,15039.826412
test_debug,121,6100000,0,0.000999,96.210000,0,15164.3202069
test_debug,122,6150000,0,0.000988,96.270000,0,15290.278151
test_debug,123,6200000,0,0.001021,96.270000,0,15413.626734
test_debug,124,6250000,0,0.001013,96.350000,0,15538.2801089
test_debug,125,6300000,0,0.001025,96.250000,0,15663.4578631
test_debug,126,6350000,0,0.000977,96.320000,0,15786.4902279
test_debug,127,6400000,0,0.000954,96.400000,0,15907.6902859
test_debug,128,6450000,0,0.000950,96.460000,0,16032.912302
test_debug,129,6500000,0,0.001070,96.320000,0,16156.297538
test_debug,130,6550000,0,0.001020,96.450000,0,16281.023361
test_debug,131,6600000,0,0.001054,96.310000,0,16406.284487
test_debug,132,6650000,0,0.001050,96.290000,0,16531.299361
test_debug,133,6700000,0,0.001161,95.920000,0,16654.622118
test_debug,134,6750000,0,0.001001,96.550000,0,16779.4777169
test_debug,135,6800000,0,0.001051,96.240000,0,16901.497165
test_debug,136,6850000,0,0.001021,96.440000,0,17027.1971581
test_debug,137,6900000,0,0.001149,95.940000,0,17154.0704479
test_debug,138,6950000,0,0.001047,96.450000,0,17279.2935979
test_debug,139,7000000,0,0.001050,96.380000,0,17403.9140289
test_debug,140,7050000,0,0.001128,96.200000,0,17528.373852
test_debug,141,7100000,0,0.001079,96.250000,0,17652.1491511
test_debug,142,7150000,0,0.001135,96.170000,0,17776.122483
test_debug,143,7200000,0,0.001085,96.370000,0,17900.26406
test_debug,144,7250000,0,0.001051,96.330000,0,18023.398931
test_debug,145,7300000,0,0.001127,96.030000,0,18146.1999359
test_debug,146,7350000,0,0.001050,96.390000,0,18272.332165
test_debug,147,7400000,0,0.001015,96.320000,0,18395.4008679
test_debug,148,7450000,0,0.001047,96.180000,0,18519.7262011
test_debug,149,7500000,0,0.001045,96.220000,0,18644.6440699
test_debug,150,7550000,0,0.001132,96.110000,0,18769.7098091
test_debug,151,7600000,0,0.001016,96.330000,0,18894.877171
test_debug,152,7650000,0,0.001064,96.300000,0,19019.844043
test_debug,153,7700000,0,0.001123,95.980000,0,19145.051652
test_debug,154,7750000,0,0.000972,96.500000,0,19270.0799479
test_debug,155,7800000,0,0.001113,96.120000,0,19392.143887
test_debug,156,7850000,0,0.001096,96.130000,0,19515.557399
test_debug,157,7900000,0,0.001128,96.200000,0,19640.283114
test_debug,158,7950000,0,0.001099,96.160000,0,19765.669075
test_debug,159,8000000,0,0.001041,96.260000,0,19889.146265
Setting learning rate to 0.0008 at 8000128 backprops
test_debug,160,8050000,0,0.000967,96.590000,0,20014.9798689
test_debug,161,8100000,0,0.000972,96.520000,0,20143.006314
test_debug,162,8150000,0,0.000951,96.480000,0,20269.9103529
test_debug,163,8200000,0,0.000949,96.630000,0,20393.059165
test_debug,164,8250000,0,0.000976,96.520000,0,20518.944458
test_debug,165,8300000,0,0.000983,96.720000,0,20647.6499529
test_debug,166,8350000,0,0.000982,96.590000,0,20771.7799349
test_debug,167,8400000,0,0.000951,96.690000,0,20898.2268019
test_debug,168,8450000,0,0.000952,96.840000,0,21023.1456261
test_debug,169,8500000,0,0.000953,96.840000,0,21147.6747739
test_debug,170,8550000,0,0.001011,96.620000,0,21275.017153
test_debug,171,8600000,0,0.000951,96.760000,0,21400.3702221
test_debug,172,8650000,0,0.000972,96.750000,0,21522.4029999
test_debug,173,8700000,0,0.000976,96.670000,0,21645.5060649
test_debug,174,8750000,0,0.000989,96.700000,0,21771.7000899
test_debug,175,8800000,0,0.000925,96.810000,0,21896.9757781
test_debug,176,8850000,0,0.000927,96.860000,0,22021.8670609
test_debug,177,8900000,0,0.000943,96.760000,0,22147.7541039
test_debug,178,8950000,0,0.000958,96.800000,0,22273.6332841
test_debug,179,9000000,0,0.000981,96.740000,0,22399.7420869
test_debug,180,9050000,0,0.000967,96.820000,0,22523.648443
test_debug,181,9100000,0,0.000967,96.640000,0,22649.121556
test_debug,182,9150000,0,0.000966,96.720000,0,22771.164377
test_debug,183,9200000,0,0.000975,96.730000,0,22897.972887
test_debug,184,9250000,0,0.000949,96.800000,0,23023.2531919
test_debug,185,9300000,0,0.000958,96.860000,0,23147.6597929
test_debug,186,9350000,0,0.000927,96.760000,0,23273.5192361
test_debug,187,9400000,0,0.000923,96.910000,0,23401.862164
test_debug,188,9450000,0,0.000916,96.990000,0,23525.68612
test_debug,189,9500000,0,0.000943,96.820000,0,23651.3586099
test_debug,190,9550000,0,0.000947,96.800000,0,23776.28775
test_debug,191,9600000,0,0.000963,96.750000,0,23902.5086119
test_debug,192,9650000,0,0.000963,96.670000,0,24029.1909881
test_debug,193,9700000,0,0.000963,96.740000,0,24154.350373
test_debug,194,9750000,0,0.000962,96.810000,0,24279.1451421
test_debug,195,9800000,0,0.000946,96.820000,0,24402.5262589
test_debug,196,9850000,0,0.000956,96.730000,0,24527.810493
test_debug,197,9900000,0,0.000955,96.730000,0,24654.066303
test_debug,198,9950000,0,0.000942,96.800000,0,24774.7812071
test_debug,199,10000000,0,0.000957,96.790000,0,24889.9920399
