Namespace(batch_size=128, calculator='relative', cuda=True, cutout=True, data_augmentation=True, dataset='cifar10', epochs=200, forwardlr=True, fp_selector='alwayson', kath_oversampling_rate=3, learning_rate=0.1, length=16, lr_sched='/home/ahjiang/Cutout/pytorch-cifar/data/config/sysml20//cifar10/lr_sched_cifar10_wideresnet', model='wideresnet', n_holes=1, no_cuda=False, output_dir='./logs', pickle_dir='./logs/pickles/', prob_pow=2, sb=True, seed=0, strategy='sb')
Files already downloaded and verified
50
[WARNING] RANDOMIZING 50 of TARGETS
Files already downloaded and verified
Setting learning rate to 0.1 at 128 backprops
test_debug,0,50000,0,0.011753,45.880000,0,190.754795074
test_debug,1,66416,33584,0.010305,52.630000,0,315.024497032
test_debug,2,82918,67082,0.009569,57.310000,0,440.149889231
test_debug,3,99302,100643,0.008813,60.260000,0,567.004120111
test_debug,4,116070,133928,0.007264,68.250000,0,693.124018192
test_debug,5,132734,167266,0.009632,54.180000,0,817.457496166
test_debug,6,149581,200419,0.007455,67.980000,0,942.354930162
test_debug,7,166272,233728,0.006235,71.310000,0,1065.53928518
test_debug,8,182764,267236,0.005657,75.670000,0,1189.423316
test_debug,9,199507,300493,0.005382,77.180000,0,1316.90612817
test_debug,10,216316,333684,0.005940,73.520000,0,1445.94138908
test_debug,11,232912,367088,0.005097,78.030000,0,1574.71963906
test_debug,12,249757,400243,0.005358,76.310000,0,1699.82326412
test_debug,13,266468,433532,0.004891,79.640000,0,1822.83935118
test_debug,14,283092,466908,0.004363,81.310000,0,1949.13945103
test_debug,15,299589,500411,0.004706,80.360000,0,2075.64704323
test_debug,16,316229,533768,0.004129,81.970000,0,2198.80560112
test_debug,17,332741,567184,0.003655,84.660000,0,2324.62540817
test_debug,18,349456,600544,0.003570,84.590000,0,2452.49671602
test_debug,19,366052,633948,0.003916,83.540000,0,2575.18213415
test_debug,20,382692,667287,0.003411,85.180000,0,2699.04302502
test_debug,21,399332,700646,0.003725,83.840000,0,2821.94382405
test_debug,22,415844,734079,0.003147,86.470000,0,2948.16281319
test_debug,23,432540,767460,0.003827,83.410000,0,3074.79374218
test_debug,24,449094,800906,0.003780,84.190000,0,3201.8701961
test_debug,25,465801,834199,0.004110,82.100000,0,3330.30387712
test_debug,26,482441,867503,0.003616,84.970000,0,3456.09370422
test_debug,27,499053,900947,0.003692,84.030000,0,3581.06762123
test_debug,28,515734,934266,0.003152,86.260000,0,3708.31479406
test_debug,29,532421,967579,0.003642,83.720000,0,3835.03769112
test_debug,30,549131,1000869,0.003171,86.390000,0,3961.37461209
test_debug,31,565899,1034043,0.003205,85.990000,0,4085.60660911
test_debug,32,582539,1067449,0.002988,87.350000,0,4212.40054703
test_debug,33,599179,1100808,0.002446,89.420000,0,4334.88011217
test_debug,34,615816,1134184,0.002465,89.010000,0,4461.37417507
test_debug,35,632328,1167619,0.003277,85.540000,0,4585.29283714
test_debug,36,648887,1201113,0.003527,85.260000,0,4710.092242
test_debug,37,665487,1234513,0.002425,89.380000,0,4834.70701623
test_debug,38,681999,1267944,0.002635,88.610000,0,4957.0261631
test_debug,39,698639,1301359,0.002682,88.190000,0,5080.39678621
test_debug,40,715147,1334853,0.002549,89.460000,0,5209.88537121
test_debug,41,731855,1368145,0.002701,88.520000,0,5337.52685618
test_debug,42,748547,1401453,0.002532,89.020000,0,5468.24222922
test_debug,43,765178,1434822,0.002768,87.990000,0,5597.93271804
test_debug,44,782016,1467984,0.002292,90.200000,0,5725.48328209
test_debug,45,798523,1501477,0.003091,87.300000,0,5849.23773718
test_debug,46,815290,1534710,0.002553,88.770000,0,5978.00009918
test_debug,47,831776,1568224,0.002626,88.800000,0,6101.82170606
test_debug,48,848488,1601512,0.002863,87.800000,0,6228.20074606
test_debug,49,865199,1634801,0.002251,90.140000,0,6351.97019601
test_debug,50,881889,1668111,0.003222,86.110000,0,6479.46342111
test_debug,51,898455,1701545,0.002627,88.950000,0,6602.1876421
test_debug,52,915063,1734937,0.002243,90.290000,0,6728.61097717
test_debug,53,931743,1768257,0.002875,88.150000,0,6852.01207209
test_debug,54,948297,1801703,0.002592,89.140000,0,6975.12649608
test_debug,55,964926,1835074,0.002378,89.890000,0,7101.05733418
test_debug,56,981533,1868467,0.002539,89.100000,0,7226.56902313
test_debug,57,998173,1901798,0.002200,90.250000,0,7352.23353601
test_debug,58,1014894,1935106,0.002243,90.520000,0,7477.59961009
Setting learning rate to 0.02 at 1031406 backprops
test_debug,59,1031406,1968572,0.002314,90.070000,0,7601.78263402
test_debug,60,1047918,2002022,0.001369,93.890000,0,7727.26413918
test_debug,61,1064638,2035362,0.001378,94.160000,0,7852.19945407
test_debug,62,1081563,2068437,0.001261,94.560000,0,7977.95954108
test_debug,63,1098203,2101758,0.001307,94.420000,0,8103.32216311
test_debug,64,1114868,2135132,0.001356,94.230000,0,8231.05971622
test_debug,65,1131477,2168523,0.001370,94.330000,0,8360.6258142
test_debug,66,1147989,2201968,0.001265,94.650000,0,8484.32059813
test_debug,67,1164584,2235416,0.001331,94.480000,0,8607.41614914
test_debug,68,1181210,2268790,0.001368,94.660000,0,8735.2380681
test_debug,69,1197819,2302181,0.001347,94.770000,0,8858.32088804
test_debug,70,1214587,2335407,0.001343,94.890000,0,8980.23961401
test_debug,71,1231271,2368729,0.001589,93.540000,0,9106.50301218
test_debug,72,1247911,2402010,0.001436,94.340000,0,9228.38685322
test_debug,73,1264654,2435346,0.001453,94.300000,0,9355.04794717
test_debug,74,1281334,2468666,0.001625,93.630000,0,9480.92892003
test_debug,75,1297939,2502061,0.001367,94.950000,0,9605.19745922
test_debug,76,1314615,2535385,0.001400,94.420000,0,9732.24508715
test_debug,77,1331034,2568966,0.001456,94.310000,0,9856.2365582
test_debug,78,1347674,2602308,0.001323,94.760000,0,9979.7396152
test_debug,79,1364348,2635652,0.001563,94.180000,0,10106.0395501
test_debug,80,1380859,2669141,0.001364,94.820000,0,10228.4327872
test_debug,81,1397617,2702383,0.001553,93.890000,0,10353.8277121
test_debug,82,1414431,2735569,0.001441,94.430000,0,10483.200747
test_debug,83,1431070,2768930,0.001525,94.170000,0,10606.6182461
test_debug,84,1447654,2802346,0.001553,94.200000,0,10733.4636192
test_debug,85,1464294,2835629,0.001433,94.530000,0,10855.4009602
test_debug,86,1480913,2869087,0.001481,94.650000,0,10979.5958822
test_debug,87,1497553,2902369,0.001610,93.660000,0,11108.8577142
test_debug,88,1514241,2935759,0.001635,93.670000,0,11238.2654421
test_debug,89,1530909,2969091,0.001857,93.090000,0,11360.1655862
test_debug,90,1547502,3002498,0.001540,94.320000,0,11487.2675071
test_debug,91,1564130,3035870,0.001470,94.390000,0,11615.0760212
test_debug,92,1580770,3069171,0.001545,94.030000,0,11740.0381291
test_debug,93,1597531,3102469,0.001396,94.510000,0,11865.980056
test_debug,94,1614125,3135875,0.001687,93.630000,0,11990.7398221
test_debug,95,1630824,3169176,0.001502,94.470000,0,12119.292942
test_debug,96,1647424,3202576,0.001455,94.270000,0,12245.5524261
test_debug,97,1664064,3235892,0.001389,94.630000,0,12367.3472302
test_debug,98,1680696,3269304,0.001538,94.020000,0,12494.6705272
test_debug,99,1697205,3302795,0.001437,94.620000,0,12622.409811
test_debug,100,1713862,3336138,0.001772,93.270000,0,12748.7962801
test_debug,101,1730499,3369501,0.001480,94.330000,0,12876.4457891
test_debug,102,1747353,3402647,0.001444,94.550000,0,13007.064795
test_debug,103,1763865,3436090,0.001552,94.400000,0,13128.5670781
test_debug,104,1780697,3469303,0.001550,94.180000,0,13255.829967
test_debug,105,1797385,3502615,0.001530,94.310000,0,13383.7575812
test_debug,106,1814144,3535856,0.001524,94.040000,0,13508.696403
test_debug,107,1830701,3569299,0.001710,93.500000,0,13636.3467131
test_debug,108,1847396,3602604,0.001612,93.640000,0,13761.2917702
test_debug,109,1864011,3635989,0.001463,94.270000,0,13885.94049
test_debug,110,1880720,3669280,0.001497,94.170000,0,14015.331671
test_debug,111,1897532,3702468,0.001353,94.860000,0,14142.5540662
test_debug,112,1914201,3735799,0.001511,94.270000,0,14269.9244161
test_debug,113,1930841,3769096,0.001508,94.570000,0,14395.380254
test_debug,114,1947511,3802489,0.001651,93.720000,0,14520.734771
test_debug,115,1964139,3835861,0.001548,94.170000,0,14646.6317391
test_debug,116,1980779,3869169,0.001391,94.770000,0,14770.4738832
test_debug,117,1997406,3902594,0.001527,94.090000,0,14894.1142921
test_debug,118,2014046,3935931,0.001466,94.490000,0,15018.7066641
Setting learning rate to 0.004 at 2030740 backprops
test_debug,119,2030740,3969260,0.001656,94.010000,0,15139.8350892
test_debug,120,2047330,4002670,0.001112,95.810000,0,15267.906728
test_debug,121,2063929,4036071,0.001116,95.900000,0,15395.659492
test_debug,122,2080474,4069526,0.001110,95.880000,0,15519.4484861
test_debug,123,2097051,4102949,0.001084,96.170000,0,15646.6063511
test_debug,124,2113563,4136409,0.001116,96.010000,0,15774.2101672
test_debug,125,2130290,4169710,0.001094,96.020000,0,15899.6258192
test_debug,126,2146981,4203019,0.001105,96.070000,0,16020.5513482
test_debug,127,2163517,4236483,0.001091,96.330000,0,16143.3800492
test_debug,128,2180073,4269927,0.001152,96.130000,0,16263.8811362
test_debug,129,2196616,4303384,0.001144,95.950000,0,16391.1325462
test_debug,130,2213287,4336713,0.001114,96.120000,0,16512.7704182
test_debug,131,2229844,4370156,0.001141,96.160000,0,16635.9475601
test_debug,132,2246444,4403556,0.001121,96.120000,0,16762.729398
test_debug,133,2263064,4436936,0.001130,96.240000,0,16884.2262242
test_debug,134,2279603,4470397,0.001157,96.020000,0,17014.3140991
test_debug,135,2296220,4503780,0.001197,96.100000,0,17142.9431791
test_debug,136,2312832,4537168,0.001110,96.140000,0,17267.2889261
test_debug,137,2329600,4570394,0.001168,96.100000,0,17394.0201132
test_debug,138,2346268,4603732,0.001175,96.070000,0,17519.4719892
test_debug,139,2362976,4637024,0.001228,95.920000,0,17643.4549401
test_debug,140,2379610,4670390,0.001142,96.340000,0,17773.6691852
test_debug,141,2396250,4703705,0.001161,95.870000,0,17901.837569
test_debug,142,2412947,4737053,0.001142,96.270000,0,18026.1022992
test_debug,143,2429710,4770290,0.001167,96.170000,0,18149.6549122
test_debug,144,2446350,4803624,0.001176,96.220000,0,18273.4218102
test_debug,145,2462923,4837077,0.001154,96.390000,0,18398.8337171
test_debug,146,2479485,4870515,0.001170,96.380000,0,18525.0278521
test_debug,147,2496114,4903886,0.001178,96.160000,0,18644.5558851
test_debug,148,2512754,4937187,0.001195,96.120000,0,18768.9240072
test_debug,149,2529266,4970691,0.001190,96.180000,0,18892.0249851
test_debug,150,2545906,5004058,0.001227,96.190000,0,19014.356462
test_debug,151,2562619,5037381,0.001282,96.010000,0,19139.7975481
test_debug,152,2579211,5070789,0.001289,96.080000,0,19263.7066281
test_debug,153,2595827,5104173,0.001231,96.270000,0,19389.8572631
test_debug,154,2612277,5137723,0.001210,96.290000,0,19515.4370601
test_debug,155,2628789,5171158,0.001202,96.330000,0,19640.1896021
test_debug,156,2645468,5204532,0.001206,96.130000,0,19765.252861
test_debug,157,2662187,5237813,0.001260,95.910000,0,19891.0240152
test_debug,158,2678761,5271239,0.001190,96.390000,0,20015.2958412
Setting learning rate to 0.0008 at 2695325 backprops
test_debug,159,2695325,5304675,0.001217,96.160000,0,20140.8463202
test_debug,160,2712045,5337955,0.001138,96.440000,0,20270.9952672
test_debug,161,2728653,5371347,0.001133,96.470000,0,20397.5943282
test_debug,162,2745235,5404765,0.001138,96.490000,0,20522.482306
test_debug,163,2761845,5438155,0.001119,96.520000,0,20649.4900651
test_debug,164,2778522,5471478,0.001154,96.500000,0,20771.185858
test_debug,165,2795162,5504787,0.001100,96.630000,0,20896.6336751
test_debug,166,2811751,5538249,0.001118,96.540000,0,21018.0235391
test_debug,167,2828263,5571685,0.001123,96.540000,0,21142.9368322
test_debug,168,2844983,5605017,0.001143,96.530000,0,21270.8564181
test_debug,169,2861655,5638345,0.001111,96.540000,0,21393.0937831
test_debug,170,2878320,5671680,0.001139,96.570000,0,21520.0262432
test_debug,171,2894807,5705193,0.001150,96.560000,0,21645.3440542
test_debug,172,2911529,5738471,0.001148,96.450000,0,21770.8008552
test_debug,173,2928169,5771793,0.001142,96.480000,0,21895.406352
test_debug,174,2944733,5805267,0.001165,96.450000,0,22017.1975491
test_debug,175,2961329,5838671,0.001146,96.500000,0,22143.4871421
test_debug,176,2977884,5872116,0.001161,96.330000,0,22273.0539501
test_debug,177,2994524,5905408,0.001143,96.540000,0,22401.4516811
test_debug,178,3011143,5938857,0.001177,96.500000,0,22524.9415212
test_debug,179,3027769,5972231,0.001183,96.530000,0,22650.3053041
test_debug,180,3044381,6005619,0.001181,96.380000,0,22771.8809481
test_debug,181,3060847,6039153,0.001156,96.530000,0,22897.9828861
test_debug,182,3077452,6072548,0.001175,96.390000,0,23021.8490572
test_debug,183,3094061,6105939,0.001171,96.510000,0,23147.8957882
test_debug,184,3110573,6139352,0.001158,96.490000,0,23269.478096
test_debug,185,3127213,6172784,0.001156,96.580000,0,23392.7150602
test_debug,186,3143748,6206252,0.001150,96.580000,0,23517.0535691
test_debug,187,3160203,6239797,0.001197,96.490000,0,23641.920639
test_debug,188,3176715,6273211,0.001173,96.460000,0,23762.5959792
test_debug,189,3193468,6306532,0.001174,96.570000,0,23886.0554402
test_debug,190,3210149,6339851,0.001178,96.600000,0,24011.2181451
test_debug,191,3226747,6373253,0.001155,96.660000,0,24132.8315821
test_debug,192,3243301,6406699,0.001176,96.580000,0,24258.476932
test_debug,193,3259977,6440023,0.001163,96.710000,0,24381.7633712
test_debug,194,3276530,6473470,0.001158,96.580000,0,24504.8232012
test_debug,195,3293267,6506733,0.001173,96.580000,0,24630.7984791
test_debug,196,3309891,6540109,0.001193,96.510000,0,24752.5915761
test_debug,197,3326531,6573469,0.001184,96.550000,0,24864.906512
test_debug,198,3343166,6606834,0.001181,96.590000,0,24962.3330572
test_debug,199,3359930,6640070,0.001168,96.660000,0,25054.9918602
