Namespace(batch_size=128, calculator='relative', cuda=True, cutout=True, data_augmentation=False, dataset='svhn', forwardlr=True, fp_selector='alwayson', hours=96.0, kath_oversampling_rate=4.0, learning_rate=0.1, length=20, lr_sched='/users/ahjiang/src/Cutout/pytorch-cifar/data/config/sysml20//svhn/lr_sched_svhn_wideresnet', model='wideresnet', n_holes=1, no_cuda=False, output_dir='./logs', prob_pow=3.0, sb=True, seed=0, staleness=2, strategy='nofilter')
Using downloaded and verified file: data/train_32x32.mat
Using downloaded and verified file: data/extra_32x32.mat
Using downloaded and verified file: data/test_32x32.mat
Setting learning rate to 0.1 at 128 backprops
test_debug,0,604388,0,0.001713,93.872926,0,2508.67568016
test_debug,1,1208776,0,0.001548,94.575907,0,4714.3590672
test_debug,2,1813164,0,0.001619,94.122618,0,6919.86039805
test_debug,3,2417552,0,0.001639,94.157191,0,9125.94672298
test_debug,4,3021940,0,0.001559,94.529809,0,11331.401593
test_debug,5,3626328,0,0.001616,94.299324,0,13537.33128
test_debug,6,4230716,0,0.001833,93.604026,0,15740.9038892
test_debug,7,4835104,0,0.001432,95.098341,0,17943.817503
test_debug,8,5439492,0,0.001735,93.876767,0,20147.0451572
test_debug,9,6043880,0,0.002099,92.136601,0,22349.76845
test_debug,10,6648268,0,0.001682,94.226337,0,24553.6533701
test_debug,11,7252656,0,0.001849,93.438844,0,26756.538301
test_debug,12,7857044,0,0.001636,94.191764,0,28959.1326761
test_debug,13,8461432,0,0.001646,94.026583,0,31160.236881
test_debug,14,9065820,0,0.001746,93.746159,0,33362.3020852
test_debug,15,9670208,0,0.001362,95.417179,0,35563.629709
test_debug,16,10274596,0,0.001381,95.455593,0,37763.9717052
test_debug,17,10878984,0,0.001429,95.179010,0,39966.290483
test_debug,18,11483372,0,0.001601,94.518285,0,42168.3246162
test_debug,19,12087760,0,0.001599,94.303165,0,44370.622005
test_debug,20,12692148,0,0.001447,95.044561,0,46574.3800321
test_debug,21,13296536,0,0.001961,92.797326,0,48775.762567
test_debug,22,13900924,0,0.001454,94.864014,0,50977.287205
test_debug,23,14505312,0,0.001577,94.506761,0,53180.1121371
test_debug,24,15109700,0,0.001511,94.829441,0,55382.799783
test_debug,25,15714088,0,0.001680,93.895974,0,57586.7404761
test_debug,26,16318476,0,0.001602,94.410725,0,59790.5624192
test_debug,27,16922864,0,0.001459,95.109865,0,61991.4236882
test_debug,28,17527252,0,0.001475,94.883221,0,64195.4539151
test_debug,29,18131640,0,0.001694,93.842194,0,66399.362232
test_debug,30,18736028,0,0.001649,94.134143,0,68600.6934791
test_debug,31,19340416,0,0.001464,94.817916,0,70800.3782051
test_debug,32,19944804,0,0.001545,94.456822,0,73002.577038
test_debug,33,20549192,0,0.001434,95.082975,0,75202.9485271
test_debug,34,21153580,0,0.001404,95.282729,0,77405.2010882
test_debug,35,21757968,0,0.002407,90.949600,0,79606.594548
test_debug,36,22362356,0,0.002091,92.566841,0,81810.5072951
test_debug,37,22966744,0,0.001594,94.383835,0,84011.6938741
test_debug,38,23571132,0,0.001562,94.525968,0,86213.7162502
test_debug,39,24175520,0,0.002248,91.906116,0,88417.856518
test_debug,40,24779908,0,0.001876,93.419637,0,90618.796756
test_debug,41,25384296,0,0.001785,93.507990,0,92821.8581471
test_debug,42,25988684,0,0.001427,95.179010,0,95021.9274611
test_debug,43,26593072,0,0.001671,94.091887,0,97221.7064052
test_debug,44,27197460,0,0.001411,95.129072,0,99422.1562991
test_debug,45,27801848,0,0.001878,93.154579,0,101622.229246
test_debug,46,28406236,0,0.001544,94.714198,0,103824.234328
test_debug,47,29010624,0,0.001664,94.287800,0,106023.344714
test_debug,48,29615012,0,0.001897,92.954825,0,108224.66999
test_debug,49,30219400,0,0.001873,93.154579,0,110426.349767
test_debug,50,30823788,0,0.001527,94.618162,0,112626.108309
test_debug,51,31428176,0,0.001490,94.867855,0,114825.522404
test_debug,52,32032564,0,0.001829,93.192993,0,117025.016986
test_debug,53,32636952,0,0.001744,93.872926,0,119227.32484
test_debug,54,33241340,0,0.002246,91.429779,0,121427.64987
test_debug,55,33845728,0,0.001750,93.719269,0,123626.84317
test_debug,56,34450116,0,0.001777,93.565612,0,125827.876504
test_debug,57,35054504,0,0.002029,92.789644,0,128029.172607
test_debug,58,35658892,0,0.001684,94.180240,0,130229.842936
test_debug,59,36263280,0,0.001713,94.003534,0,132430.756461
Setting learning rate to 0.01 at 36263408 backprops
test_debug,60,36867668,0,0.000939,97.191918,0,134630.662825
test_debug,61,37472056,0,0.000914,97.107406,0,136830.749522
test_debug,62,38076444,0,0.000914,97.257222,0,139032.900442
test_debug,63,38680832,0,0.000895,97.264905,0,141233.43272
test_debug,64,39285220,0,0.000915,97.268746,0,143433.104119
test_debug,65,39889608,0,0.000916,97.230332,0,145634.752388
test_debug,66,40493996,0,0.000925,97.145821,0,147835.924314
test_debug,67,41098384,0,0.000946,97.072833,0,150036.990085
test_debug,68,41702772,0,0.000934,97.111248,0,152235.567868
test_debug,69,42307160,0,0.000905,97.088199,0,154436.598551
test_debug,70,42911548,0,0.000876,97.295636,0,156636.277325
test_debug,71,43515936,0,0.000898,97.291795,0,158836.689178
test_debug,72,44120324,0,0.000916,97.145821,0,161036.445449
test_debug,73,44724712,0,0.000935,97.107406,0,163239.022614
test_debug,74,45329100,0,0.000898,97.168869,0,165440.295207
test_debug,75,45933488,0,0.000910,97.153503,0,167640.579717
test_debug,76,46537876,0,0.000877,97.353258,0,169842.843572
test_debug,77,47142264,0,0.000958,97.030578,0,172041.61832
test_debug,78,47746652,0,0.000936,97.103565,0,174241.329332
test_debug,79,48351040,0,0.000906,97.153503,0,176441.962548
test_debug,80,48955428,0,0.000905,97.122772,0,178642.540762
test_debug,81,49559816,0,0.000888,97.165028,0,180841.944115
test_debug,82,50164204,0,0.000883,97.238015,0,183040.902443
test_debug,83,50768592,0,0.000899,97.253380,0,185241.422649
test_debug,84,51372980,0,0.000907,97.195759,0,187442.127735
test_debug,85,51977368,0,0.000915,97.153503,0,189645.255125
test_debug,86,52581756,0,0.000911,97.141979,0,191845.002328
test_debug,87,53186144,0,0.000944,96.999846,0,194045.724091
test_debug,88,53790532,0,0.000890,97.291795,0,196244.511611
test_debug,89,54394920,0,0.000977,96.942225,0,198445.265503
test_debug,90,54999308,0,0.000887,97.280270,0,200645.216696
test_debug,91,55603696,0,0.000872,97.322526,0,202848.298264
test_debug,92,56208084,0,0.000886,97.191918,0,205049.476475
test_debug,93,56812472,0,0.000887,97.303319,0,207249.351603
test_debug,94,57416860,0,0.000848,97.476183,0,209452.126813
test_debug,95,58021248,0,0.000835,97.403196,0,211652.03353
test_debug,96,58625636,0,0.000906,97.161186,0,213852.850787
test_debug,97,59230024,0,0.000861,97.410879,0,216055.594695
test_debug,98,59834412,0,0.000830,97.468500,0,218255.371151
test_debug,99,60438800,0,0.000931,97.092041,0,220454.291634
test_debug,100,61043188,0,0.000821,97.533805,0,222657.504479
test_debug,101,61647576,0,0.000837,97.433927,0,224857.410942
test_debug,102,62251964,0,0.000898,97.284112,0,227058.433522
test_debug,103,62856352,0,0.000852,97.483866,0,229259.414363
test_debug,104,63460740,0,0.000868,97.345575,0,231461.9951
test_debug,105,64065128,0,0.000886,97.226490,0,233666.67994
test_debug,106,64669516,0,0.000868,97.353258,0,235870.003166
test_debug,107,65273904,0,0.000906,97.199600,0,238069.885961
test_debug,108,65878292,0,0.000888,97.238015,0,240270.655926
test_debug,109,66482680,0,0.000935,97.161186,0,242470.196141
test_debug,110,67087068,0,0.000850,97.395513,0,244673.606859
test_debug,111,67691456,0,0.000824,97.526122,0,246873.809337
test_debug,112,68295844,0,0.000876,97.395513,0,249075.169178
test_debug,113,68900232,0,0.000852,97.368623,0,251276.28711
