Namespace(batch_size=128, calculator='relative', cuda=True, cutout=True, data_augmentation=True, dataset='cifar100', forwardlr=True, fp_selector='alwayson', hours=12.0, kath_oversampling_rate=4, learning_rate=0.1, length=8, lr_sched='/users/ahjiang/src/Cutout/pytorch-cifar/data/config/sysml20//cifar100/lr_sched_cifar100_wideresnet', model='wideresnet', n_holes=1, no_cuda=False, output_dir='./logs', prob_pow=3, sb=True, seed=0, staleness=2, strategy='nofilter')
Files already downloaded and verified
Files already downloaded and verified
Setting learning rate to 0.1 at 128 backprops
test_debug,0,50000,0,0.032950,8.590000,0,239.860450029
test_debug,1,100000,0,0.025423,22.620000,0,463.462799072
test_debug,2,150000,0,0.020224,33.710000,0,686.986392975
test_debug,3,200000,0,0.018012,39.360000,0,910.540896177
test_debug,4,250000,0,0.016352,43.840000,0,1134.01316118
test_debug,5,300000,0,0.015693,46.510000,0,1357.52881312
test_debug,6,350000,0,0.015601,47.140000,0,1580.91312599
test_debug,7,400000,0,0.014035,51.590000,0,1804.24114895
test_debug,8,450000,0,0.014103,51.660000,0,2027.63678908
test_debug,9,500000,0,0.014591,51.280000,0,2250.94377017
test_debug,10,550000,0,0.014130,51.730000,0,2474.34596109
test_debug,11,600000,0,0.012549,56.780000,0,2697.8293891
test_debug,12,650000,0,0.013729,53.940000,0,2921.17710805
test_debug,13,700000,0,0.013519,53.750000,0,3144.50765109
test_debug,14,750000,0,0.013429,55.260000,0,3367.87359595
test_debug,15,800000,0,0.014001,53.600000,0,3591.15781713
test_debug,16,850000,0,0.012821,57.460000,0,3814.54618096
test_debug,17,900000,0,0.013513,54.820000,0,4037.81037402
test_debug,18,950000,0,0.012532,57.990000,0,4261.06748796
test_debug,19,1000000,0,0.012752,56.810000,0,4484.35434818
test_debug,20,1050000,0,0.010969,62.200000,0,4707.6351881
test_debug,21,1100000,0,0.011929,58.740000,0,4930.84039712
test_debug,22,1150000,0,0.012109,58.900000,0,5154.16006804
test_debug,23,1200000,0,0.012950,58.310000,0,5377.46002913
test_debug,24,1250000,0,0.013281,56.520000,0,5600.77112103
test_debug,25,1300000,0,0.012864,57.490000,0,5824.14816904
test_debug,26,1350000,0,0.012339,59.200000,0,6047.45484209
test_debug,27,1400000,0,0.011830,59.390000,0,6270.73274803
test_debug,28,1450000,0,0.011910,60.250000,0,6493.96687102
test_debug,29,1500000,0,0.013232,57.860000,0,6717.24120498
test_debug,30,1550000,0,0.011371,60.920000,0,6940.47996807
test_debug,31,1600000,0,0.011113,62.140000,0,7163.73050308
test_debug,32,1650000,0,0.012443,58.540000,0,7386.92853999
test_debug,33,1700000,0,0.011531,60.960000,0,7610.11239815
test_debug,34,1750000,0,0.011577,61.200000,0,7833.39502406
test_debug,35,1800000,0,0.012442,58.790000,0,8056.66017008
test_debug,36,1850000,0,0.011158,62.120000,0,8280.00963998
test_debug,37,1900000,0,0.011290,62.000000,0,8503.329386
test_debug,38,1950000,0,0.010821,63.110000,0,8726.63152313
test_debug,39,2000000,0,0.011035,61.720000,0,8949.91249108
test_debug,40,2050000,0,0.011828,59.700000,0,9173.14472318
test_debug,41,2100000,0,0.012114,59.630000,0,9396.40343118
test_debug,42,2150000,0,0.010527,63.170000,0,9619.64998817
test_debug,43,2200000,0,0.011709,58.750000,0,9842.87828898
test_debug,44,2250000,0,0.011080,62.100000,0,10066.154691
test_debug,45,2300000,0,0.011288,61.670000,0,10289.566015
test_debug,46,2350000,0,0.011013,62.810000,0,10512.868546
test_debug,47,2400000,0,0.011609,60.050000,0,10736.203119
test_debug,48,2450000,0,0.011809,61.180000,0,10959.575403
test_debug,49,2500000,0,0.011240,61.780000,0,11182.8198261
test_debug,50,2550000,0,0.010822,63.000000,0,11405.99893
test_debug,51,2600000,0,0.010123,65.440000,0,11629.2288511
test_debug,52,2650000,0,0.011152,62.300000,0,11852.512774
test_debug,53,2700000,0,0.010457,64.510000,0,12075.85991
test_debug,54,2750000,0,0.014246,56.020000,0,12299.0656052
test_debug,55,2800000,0,0.012637,58.100000,0,12522.326153
test_debug,56,2850000,0,0.011763,61.510000,0,12745.598454
test_debug,57,2900000,0,0.010653,63.270000,0,12968.7750471
test_debug,58,2950000,0,0.011067,63.200000,0,13191.9734101
test_debug,59,3000000,0,0.011080,62.370000,0,13415.2408612
Setting learning rate to 0.01 at 3000128 backprops
test_debug,60,3050000,0,0.006078,77.450000,0,13638.432636
test_debug,61,3100000,0,0.005907,78.380000,0,13861.5785561
test_debug,62,3150000,0,0.005878,78.670000,0,14084.778368
test_debug,63,3200000,0,0.005892,78.850000,0,14307.8802371
test_debug,64,3250000,0,0.005919,78.940000,0,14530.9608901
test_debug,65,3300000,0,0.005997,78.830000,0,14754.1229181
test_debug,66,3350000,0,0.006025,78.880000,0,14977.2406192
test_debug,67,3400000,0,0.006145,78.890000,0,15200.2701731
test_debug,68,3450000,0,0.006226,79.190000,0,15423.2955811
test_debug,69,3500000,0,0.006387,78.490000,0,15646.3413291
test_debug,70,3550000,0,0.006172,79.090000,0,15869.4337101
test_debug,71,3600000,0,0.006395,79.330000,0,16092.6107771
test_debug,72,3650000,0,0.006566,78.410000,0,16315.720185
test_debug,73,3700000,0,0.006732,78.260000,0,16538.8938091
test_debug,74,3750000,0,0.006717,78.480000,0,16761.96223
test_debug,75,3800000,0,0.006553,78.950000,0,16985.0559831
test_debug,76,3850000,0,0.006867,78.330000,0,17208.162672
test_debug,77,3900000,0,0.006599,79.010000,0,17431.265027
test_debug,78,3950000,0,0.006747,78.420000,0,17654.2836401
test_debug,79,4000000,0,0.006666,78.740000,0,17877.3237672
test_debug,80,4050000,0,0.006901,78.590000,0,18100.351964
test_debug,81,4100000,0,0.006708,78.430000,0,18323.412957
test_debug,82,4150000,0,0.006828,77.930000,0,18546.560523
test_debug,83,4200000,0,0.007230,77.750000,0,18769.6143501
test_debug,84,4250000,0,0.006850,78.040000,0,18992.750906
test_debug,85,4300000,0,0.007048,77.800000,0,19215.8523822
test_debug,86,4350000,0,0.007353,77.290000,0,19438.9853702
test_debug,87,4400000,0,0.007026,78.100000,0,19662.2212131
test_debug,88,4450000,0,0.007022,77.750000,0,19885.2543352
test_debug,89,4500000,0,0.007150,77.750000,0,20108.3715591
test_debug,90,4550000,0,0.007446,76.540000,0,20331.5559821
test_debug,91,4600000,0,0.007166,77.230000,0,20554.7840021
test_debug,92,4650000,0,0.007223,77.510000,0,20778.038712
test_debug,93,4700000,0,0.007661,76.810000,0,21001.2700992
test_debug,94,4750000,0,0.007685,76.590000,0,21224.4566541
test_debug,95,4800000,0,0.007402,77.310000,0,21447.6465631
test_debug,96,4850000,0,0.007476,76.490000,0,21670.9248891
test_debug,97,4900000,0,0.007442,76.620000,0,21894.131664
test_debug,98,4950000,0,0.007654,76.340000,0,22117.3300052
test_debug,99,5000000,0,0.007792,76.380000,0,22340.5395861
test_debug,100,5050000,0,0.007404,76.900000,0,22563.7793581
test_debug,101,5100000,0,0.007594,76.570000,0,22787.023298
test_debug,102,5150000,0,0.007594,76.290000,0,23010.2336261
test_debug,103,5200000,0,0.007549,76.440000,0,23233.426002
test_debug,104,5250000,0,0.007854,75.880000,0,23456.683135
test_debug,105,5300000,0,0.007753,76.390000,0,23679.9834321
test_debug,106,5350000,0,0.007667,75.870000,0,23903.2113571
test_debug,107,5400000,0,0.007865,76.310000,0,24126.3791411
test_debug,108,5450000,0,0.007398,76.510000,0,24349.4008951
test_debug,109,5500000,0,0.007648,76.270000,0,24572.4283872
test_debug,110,5550000,0,0.007777,76.310000,0,24795.5646272
test_debug,111,5600000,0,0.007672,75.870000,0,25018.712085
test_debug,112,5650000,0,0.008219,74.760000,0,25241.8314919
test_debug,113,5700000,0,0.007813,75.850000,0,25464.952584
test_debug,114,5750000,0,0.007700,76.190000,0,25688.100785
test_debug,115,5800000,0,0.007560,76.600000,0,25911.2975252
test_debug,116,5850000,0,0.007896,75.600000,0,26134.5924931
test_debug,117,5900000,0,0.007531,76.500000,0,26357.8307571
test_debug,118,5950000,0,0.007772,76.210000,0,26581.0780861
test_debug,119,6000000,0,0.007985,75.120000,0,26804.2957251
Setting learning rate to 0.001 at 6000128 backprops
test_debug,120,6050000,0,0.006408,79.750000,0,27027.4006391
test_debug,121,6100000,0,0.006300,80.440000,0,27250.5044031
test_debug,122,6150000,0,0.006277,80.510000,0,27473.6318071
test_debug,123,6200000,0,0.006274,80.760000,0,27696.6975641
test_debug,124,6250000,0,0.006219,80.730000,0,27919.775809
test_debug,125,6300000,0,0.006248,80.850000,0,28142.796484
test_debug,126,6350000,0,0.006251,80.710000,0,28365.935991
test_debug,127,6400000,0,0.006228,80.820000,0,28589.0571141
test_debug,128,6450000,0,0.006238,80.760000,0,28812.045959
test_debug,129,6500000,0,0.006237,80.940000,0,29035.0436871
test_debug,130,6550000,0,0.006213,80.980000,0,29258.0106242
test_debug,131,6600000,0,0.006190,80.790000,0,29480.958719
test_debug,132,6650000,0,0.006203,81.180000,0,29703.905297
test_debug,133,6700000,0,0.006215,80.920000,0,29926.95823
test_debug,134,6750000,0,0.006173,81.220000,0,30149.8747461
test_debug,135,6800000,0,0.006164,81.200000,0,30372.8628671
test_debug,136,6850000,0,0.006186,81.060000,0,30595.890312
test_debug,137,6900000,0,0.006188,81.020000,0,30818.870784
test_debug,138,6950000,0,0.006176,81.120000,0,31041.9580901
test_debug,139,7000000,0,0.006169,81.010000,0,31264.9262412
test_debug,140,7050000,0,0.006184,81.230000,0,31487.78198
test_debug,141,7100000,0,0.006150,81.340000,0,31710.7653241
test_debug,142,7150000,0,0.006127,81.140000,0,31933.7345321
test_debug,143,7200000,0,0.006124,81.290000,0,32156.8097382
test_debug,144,7250000,0,0.006186,81.150000,0,32379.8994322
test_debug,145,7300000,0,0.006163,81.130000,0,32603.07217
test_debug,146,7350000,0,0.006168,81.250000,0,32826.090678
test_debug,147,7400000,0,0.006158,81.140000,0,33049.1589131
test_debug,148,7450000,0,0.006121,81.450000,0,33272.1526461
test_debug,149,7500000,0,0.006120,81.390000,0,33495.187434
test_debug,150,7550000,0,0.006083,81.450000,0,33718.298413
test_debug,151,7600000,0,0.006098,81.300000,0,33941.4027622
test_debug,152,7650000,0,0.006111,81.330000,0,34164.450711
test_debug,153,7700000,0,0.006137,81.560000,0,34387.4914792
test_debug,154,7750000,0,0.006056,81.540000,0,34610.61833
test_debug,155,7800000,0,0.006064,81.210000,0,34833.812973
test_debug,156,7850000,0,0.006108,81.180000,0,35056.9380422
test_debug,157,7900000,0,0.006071,81.320000,0,35280.0664461
test_debug,158,7950000,0,0.006062,81.430000,0,35503.240598
test_debug,159,8000000,0,0.006065,81.250000,0,35726.430599
test_debug,160,8050000,0,0.006061,81.340000,0,35949.4605801
test_debug,161,8100000,0,0.006061,81.200000,0,36172.5452302
test_debug,162,8150000,0,0.006035,81.250000,0,36395.6152511
test_debug,163,8200000,0,0.006065,81.270000,0,36618.6596022
test_debug,164,8250000,0,0.006056,81.250000,0,36841.8236911
test_debug,165,8300000,0,0.006041,81.420000,0,37064.9007192
test_debug,166,8350000,0,0.006026,81.420000,0,37288.0239401
test_debug,167,8400000,0,0.006043,81.300000,0,37511.13691
test_debug,168,8450000,0,0.006052,81.380000,0,37734.298604
test_debug,169,8500000,0,0.005988,81.500000,0,37957.449276
test_debug,170,8550000,0,0.006016,81.480000,0,38180.5917342
test_debug,171,8600000,0,0.006002,81.400000,0,38403.6626551
test_debug,172,8650000,0,0.006001,81.530000,0,38626.8030021
test_debug,173,8700000,0,0.006036,81.390000,0,38849.9403632
test_debug,174,8750000,0,0.005951,81.680000,0,39073.0283511
test_debug,175,8800000,0,0.005979,81.470000,0,39296.2788901
test_debug,176,8850000,0,0.005944,81.470000,0,39519.424247
test_debug,177,8900000,0,0.005925,81.570000,0,39742.477083
test_debug,178,8950000,0,0.005938,81.440000,0,39965.5199301
test_debug,179,9000000,0,0.005944,81.530000,0,40188.5912561
test_debug,180,9050000,0,0.005941,81.530000,0,40411.6464632
test_debug,181,9100000,0,0.005943,81.510000,0,40634.853718
test_debug,182,9150000,0,0.005927,81.600000,0,40857.957016
test_debug,183,9200000,0,0.005942,81.600000,0,41081.0421171
test_debug,184,9250000,0,0.005936,81.710000,0,41304.358155
test_debug,185,9300000,0,0.005913,81.680000,0,41527.6628051
test_debug,186,9350000,0,0.005886,81.790000,0,41751.0105951
test_debug,187,9400000,0,0.005889,81.740000,0,41974.1571801
test_debug,188,9450000,0,0.005911,81.560000,0,42197.3199131
test_debug,189,9500000,0,0.005928,81.440000,0,42420.4895601
test_debug,190,9550000,0,0.005891,81.660000,0,42643.6493411
test_debug,191,9600000,0,0.005907,81.740000,0,42866.8924391
test_debug,192,9650000,0,0.005905,81.410000,0,43090.069612
test_debug,193,9700000,0,0.005940,81.460000,0,43313.2579432
