Namespace(batch_size=128, calculator='random', cuda=True, cutout=True, data_augmentation=True, dataset='cifar10', epochs=200, forwardlr=True, fp_selector='alwayson', learning_rate=0.1, length=16, lr_sched='/users/ahjiang/src/Cutout/pytorch-cifar/data/config/sysml20//cifar10/lr_sched_cifar10_wideresnet', model='wideresnet', n_holes=1, no_cuda=False, output_dir='./logs', prob_pow=3, sb=True, seed=0, strategy='sb')
Files already downloaded and verified
Files already downloaded and verified
Setting learning rate to 0.1 at 128 backprops
test_debug,0,50000,0,0.012097,48.070000,0,297.447067976
test_debug,1,62454,37546,0.012726,48.880000,0,422.455569983
test_debug,2,74870,75083,0.009981,57.920000,0,546.339773893
test_debug,3,87435,112565,0.014031,50.380000,0,671.569997072
test_debug,4,99886,150114,0.014601,46.820000,0,796.497992039
test_debug,5,112344,187656,0.010533,57.830000,0,921.535043955
test_debug,6,124916,225084,0.010214,56.400000,0,1046.82539701
test_debug,7,137409,262591,0.009944,61.210000,0,1172.442626
test_debug,8,149787,300213,0.008705,63.130000,0,1297.66002202
test_debug,9,162222,337778,0.007180,68.420000,0,1422.24614406
test_debug,10,174666,375334,0.007686,68.170000,0,1546.28117299
test_debug,11,187233,412767,0.008190,65.730000,0,1671.54915094
test_debug,12,199694,450306,0.006707,70.930000,0,1796.71660304
test_debug,13,212294,487706,0.008066,67.510000,0,1922.6373179
test_debug,14,224880,525120,0.007472,68.930000,0,2047.26464701
test_debug,15,237577,562423,0.006040,73.980000,0,2172.9281559
test_debug,16,250080,599920,0.006153,73.560000,0,2298.63184786
test_debug,17,262619,637381,0.005735,74.830000,0,2424.90360093
test_debug,18,275197,674803,0.006149,73.160000,0,2550.33127999
test_debug,19,287836,712164,0.005938,76.270000,0,2676.60083199
test_debug,20,300309,749691,0.006513,72.850000,0,2801.87185097
test_debug,21,312766,787234,0.007535,70.820000,0,2926.81560707
test_debug,22,325147,824853,0.005985,75.830000,0,3052.08961987
test_debug,23,337538,862462,0.005412,77.620000,0,3177.65386701
test_debug,24,350025,899975,0.005188,77.710000,0,3303.21833587
test_debug,25,362441,937556,0.005211,78.220000,0,3427.02012801
test_debug,26,374961,975039,0.004354,81.150000,0,3553.18591499
test_debug,27,387528,1012472,0.007447,70.390000,0,3677.66807103
test_debug,28,400020,1049980,0.004969,78.630000,0,3803.41321588
test_debug,29,412638,1087362,0.005800,75.300000,0,3929.54457903
test_debug,30,425003,1124997,0.004389,81.190000,0,4053.38979101
test_debug,31,437321,1162679,0.007139,73.390000,0,4177.78988099
test_debug,32,449726,1200274,0.005267,78.820000,0,4303.54137397
test_debug,33,461991,1238009,0.004719,79.850000,0,4428.76126385
test_debug,34,474574,1275426,0.005783,76.100000,0,4554.30692697
test_debug,35,487209,1312791,0.004374,81.580000,0,4680.60483003
test_debug,36,499751,1350249,0.006109,76.690000,0,4806.92488384
test_debug,37,512155,1387845,0.005627,76.790000,0,4932.65291691
test_debug,38,524683,1425317,0.005969,75.910000,0,5058.61662102
test_debug,39,537099,1462883,0.005532,77.970000,0,5182.33329701
test_debug,40,549563,1500437,0.005128,79.770000,0,5307.26329684
test_debug,41,561973,1538027,0.005174,78.460000,0,5432.93545294
test_debug,42,574414,1575586,0.006938,73.390000,0,5556.7128799
test_debug,43,586936,1613064,0.005351,77.870000,0,5682.56181693
test_debug,44,599440,1650560,0.004924,79.850000,0,5808.15997505
test_debug,45,611898,1688102,0.004382,81.490000,0,5932.01264906
test_debug,46,624314,1725660,0.005406,78.580000,0,6055.61381102
test_debug,47,636895,1763105,0.004130,81.700000,0,6180.70264602
test_debug,48,649532,1800468,0.004668,81.010000,0,6305.24213696
test_debug,49,662256,1837744,0.006225,75.470000,0,6431.13286996
test_debug,50,674800,1875195,0.004437,81.540000,0,6555.15353584
test_debug,51,687386,1912614,0.005763,77.480000,0,6679.54366803
test_debug,52,699930,1950004,0.004271,81.200000,0,6803.75082397
test_debug,53,712319,1987681,0.003960,82.710000,0,6929.10944295
test_debug,54,724696,2025304,0.003897,83.710000,0,7054.21494102
test_debug,55,737220,2062780,0.004031,82.970000,0,7180.22128487
test_debug,56,749797,2100203,0.004374,81.280000,0,7305.59953499
test_debug,57,762341,2137585,0.004588,81.150000,0,7429.88884401
test_debug,58,774756,2175244,0.004269,82.020000,0,7555.56898689
Setting learning rate to 0.02 at 787241 backprops
test_debug,59,787241,2212759,0.004573,81.100000,0,7681.04077792
test_debug,60,799785,2250188,0.002390,89.620000,0,7805.32909584
test_debug,61,812441,2287559,0.002225,90.360000,0,7930.23171091
test_debug,62,824934,2325066,0.002230,90.680000,0,8054.47399306
test_debug,63,837552,2362448,0.002164,90.930000,0,8179.22426295
test_debug,64,850281,2399719,0.002068,91.460000,0,8304.45295
test_debug,65,862604,2437396,0.002137,90.900000,0,8427.92969489
test_debug,66,875020,2474927,0.002211,90.530000,0,8551.7391789
test_debug,67,887453,2512547,0.002108,91.100000,0,8676.23163605
test_debug,68,899982,2550018,0.002088,91.060000,0,8802.29742002
test_debug,69,912654,2587325,0.002152,90.890000,0,8926.98777986
test_debug,70,925159,2624841,0.002242,90.420000,0,9051.09900498
test_debug,71,937602,2662398,0.002075,91.240000,0,9175.71392107
test_debug,72,950044,2699956,0.002201,90.740000,0,9300.20832992
test_debug,73,962528,2737472,0.002217,90.600000,0,9425.57177901
test_debug,74,974922,2775078,0.002146,90.860000,0,9549.30931997
test_debug,75,987415,2812585,0.002225,90.490000,0,9673.36493206
test_debug,76,999857,2850143,0.002551,89.420000,0,9797.19912004
test_debug,77,1012379,2887621,0.001945,91.880000,0,9921.37835002
test_debug,78,1024943,2925057,0.002078,91.350000,0,10046.519501
test_debug,79,1037355,2962645,0.002403,90.260000,0,10172.162957
test_debug,80,1050007,2999993,0.002142,91.110000,0,10296.7907929
test_debug,81,1062651,3037349,0.002188,90.830000,0,10423.2593009
test_debug,82,1075161,3074839,0.002125,90.970000,0,10549.017092
test_debug,83,1087577,3112417,0.001974,91.560000,0,10672.7944798
test_debug,84,1099896,3150104,0.002501,89.940000,0,10797.0175419
test_debug,85,1112485,3187515,0.002143,91.140000,0,10921.5323219
test_debug,86,1125079,3224921,0.002255,90.720000,0,11047.0121269
test_debug,87,1137495,3262426,0.002091,91.430000,0,11170.6192219
test_debug,88,1149896,3300104,0.002414,90.120000,0,11294.3203719
test_debug,89,1162279,3337721,0.002025,91.540000,0,11417.9338388
test_debug,90,1174894,3375106,0.001927,92.050000,0,11542.611202
test_debug,91,1187301,3412699,0.001961,91.900000,0,11668.1691201
test_debug,92,1199755,3450245,0.001945,91.780000,0,11792.066705
test_debug,93,1212187,3487813,0.002315,90.350000,0,11916.177211
test_debug,94,1224720,3525280,0.002359,90.550000,0,12040.3817549
test_debug,95,1237349,3562651,0.002121,91.040000,0,12166.320173
test_debug,96,1249686,3600314,0.002212,90.840000,0,12290.7792521
test_debug,97,1262102,3637826,0.002183,90.890000,0,12414.383466
test_debug,98,1274562,3675438,0.002190,91.270000,0,12539.2159069
test_debug,99,1287105,3712895,0.002072,91.560000,0,12663.463155
test_debug,100,1299599,3750401,0.002031,91.580000,0,12788.8522639
test_debug,101,1312143,3787802,0.002256,90.840000,0,12912.9514589
test_debug,102,1324622,3825378,0.002450,89.700000,0,13038.2356489
test_debug,103,1337063,3862937,0.002096,91.190000,0,13162.112051
test_debug,104,1349705,3900295,0.002081,91.340000,0,13288.4756889
test_debug,105,1362403,3937597,0.002027,91.510000,0,13413.2386129
test_debug,106,1374802,3975198,0.002171,91.140000,0,13538.625154
test_debug,107,1387304,4012696,0.001960,91.900000,0,13664.104569
test_debug,108,1399769,4050231,0.002701,89.700000,0,13787.9650669
test_debug,109,1412289,4087711,0.001956,91.860000,0,13912.0254049
test_debug,110,1424802,4125198,0.002110,91.150000,0,14037.7215741
test_debug,111,1437245,4162755,0.002012,91.660000,0,14161.4920959
test_debug,112,1449966,4200034,0.002134,91.180000,0,14286.5163519
test_debug,113,1462334,4237666,0.001992,91.860000,0,14410.035037
test_debug,114,1474868,4275132,0.002098,91.430000,0,14535.9237111
test_debug,115,1487481,4312519,0.002025,91.590000,0,14660.280025
test_debug,116,1499993,4350007,0.002181,90.830000,0,14785.762866
test_debug,117,1512636,4387364,0.001931,92.260000,0,14912.025944
test_debug,118,1525098,4424902,0.002230,91.200000,0,15036.8015199
Setting learning rate to 0.004 at 1537587 backprops
test_debug,119,1537587,4462413,0.002851,88.540000,0,15162.0007
test_debug,120,1550031,4499969,0.001419,94.250000,0,15285.6811941
test_debug,121,1562534,4537466,0.001408,94.180000,0,15409.7819679
test_debug,122,1574926,4575074,0.001388,94.160000,0,15533.3980958
test_debug,123,1587598,4612378,0.001444,94.130000,0,15658.0786009
test_debug,124,1600231,4649769,0.001387,94.490000,0,15782.6417949
test_debug,125,1612704,4687296,0.001367,94.330000,0,15906.4650121
test_debug,126,1625248,4724739,0.001354,94.620000,0,16030.5429881
test_debug,127,1637602,4762398,0.001339,94.540000,0,16155.080313
test_debug,128,1650094,4799906,0.001368,94.590000,0,16278.9504609
test_debug,129,1662685,4837315,0.001325,94.610000,0,16404.4075449
test_debug,130,1675050,4874950,0.001391,94.330000,0,16527.8346128
test_debug,131,1687503,4912497,0.001361,94.550000,0,16651.7517169
test_debug,132,1700085,4949915,0.001371,94.350000,0,16776.0537241
test_debug,133,1712678,4987322,0.001360,94.550000,0,16900.371033
test_debug,134,1725094,5024906,0.001358,94.600000,0,17024.0471759
test_debug,135,1737547,5062453,0.001318,94.790000,0,17147.88467
test_debug,136,1750090,5099910,0.001311,94.650000,0,17272.0015149
test_debug,137,1762378,5137603,0.001435,94.400000,0,17395.0476379
test_debug,138,1774766,5175234,0.001324,94.720000,0,17518.4824259
test_debug,139,1787177,5212823,0.001284,94.900000,0,17642.2360709
test_debug,140,1799676,5250324,0.001295,94.800000,0,17767.6790829
test_debug,141,1812087,5287913,0.001327,94.510000,0,17891.297863
test_debug,142,1824560,5325440,0.001258,94.930000,0,18015.358202
test_debug,143,1837140,5362860,0.001375,94.510000,0,18140.6362469
test_debug,144,1849609,5400391,0.001310,94.570000,0,18265.6725409
test_debug,145,1862096,5437904,0.001353,94.510000,0,18389.7447879
test_debug,146,1874542,5475458,0.001391,94.640000,0,18513.5192249
test_debug,147,1886863,5513137,0.001383,94.360000,0,18636.811734
test_debug,148,1899227,5550773,0.001348,94.800000,0,18760.1992269
test_debug,149,1911771,5588166,0.001336,94.670000,0,18884.280757
test_debug,150,1924210,5625790,0.001388,94.770000,0,19008.0218821
test_debug,151,1936712,5663288,0.001345,94.740000,0,19131.9659629
test_debug,152,1949191,5700809,0.001356,94.550000,0,19255.868293
test_debug,153,1961595,5738405,0.001326,94.880000,0,19379.6389549
test_debug,154,1974077,5775923,0.001385,94.810000,0,19503.6268349
test_debug,155,1986569,5813431,0.001329,94.820000,0,19627.7093639
test_debug,156,1999092,5850908,0.001374,94.570000,0,19753.6619968
test_debug,157,2011665,5888335,0.001377,94.480000,0,19878.736922
test_debug,158,2024162,5925838,0.001422,94.620000,0,20004.2645779
Setting learning rate to 0.0008 at 2036733 backprops
test_debug,159,2036733,5963267,0.001353,94.630000,0,20128.4670451
test_debug,160,2049111,6000889,0.001232,95.180000,0,20251.8798881
test_debug,161,2061568,6038432,0.001204,95.230000,0,20375.859597
test_debug,162,2073937,6076063,0.001217,95.130000,0,20499.4816151
test_debug,163,2086532,6113468,0.001206,95.290000,0,20625.0961769
test_debug,164,2098920,6151080,0.001203,95.130000,0,20748.7681019
test_debug,165,2111451,6188549,0.001176,95.170000,0,20874.69209
test_debug,166,2123995,6225927,0.001184,95.330000,0,20998.6368029
test_debug,167,2136411,6263581,0.001173,95.320000,0,21122.213006
test_debug,168,2148738,6301262,0.001185,95.140000,0,21245.515131
test_debug,169,2161282,6338684,0.001180,95.150000,0,21369.7034199
test_debug,170,2173722,6376278,0.001182,95.390000,0,21494.2192509
test_debug,171,2186202,6413798,0.001184,95.280000,0,21619.4385879
test_debug,172,2198486,6451514,0.001167,95.320000,0,21742.7023649
test_debug,173,2211056,6488944,0.001187,95.370000,0,21867.0483758
test_debug,174,2223577,6526423,0.001189,95.240000,0,21991.109791
test_debug,175,2235958,6564042,0.001193,95.210000,0,22114.7468629
test_debug,176,2248451,6601549,0.001207,95.170000,0,22238.709635
test_debug,177,2260921,6639079,0.001187,95.360000,0,22363.770509
test_debug,178,2273580,6676420,0.001179,95.430000,0,22488.3320389
test_debug,179,2285907,6714093,0.001180,95.440000,0,22611.7538629
test_debug,180,2298451,6751483,0.001195,95.470000,0,22735.8867989
test_debug,181,2310861,6789139,0.001193,95.380000,0,22859.5848639
test_debug,182,2323404,6826596,0.001166,95.460000,0,22983.858664
test_debug,183,2335849,6864151,0.001174,95.490000,0,23107.7511919
test_debug,184,2348257,6901743,0.001187,95.370000,0,23233.384563
test_debug,185,2360721,6939279,0.001174,95.410000,0,23357.332037
test_debug,186,2373214,6976786,0.001190,95.350000,0,23481.358695
test_debug,187,2385677,7014323,0.001201,95.330000,0,23605.1960299
test_debug,188,2397899,7052101,0.001200,95.200000,0,23729.3251951
test_debug,189,2410378,7089622,0.001200,95.280000,0,23853.219846
test_debug,190,2422900,7127100,0.001210,95.230000,0,23977.3318999
test_debug,191,2435308,7164692,0.001189,95.290000,0,24100.915993
test_debug,192,2447788,7202212,0.001196,95.440000,0,24224.746439
test_debug,193,2460172,7239828,0.001179,95.370000,0,24348.2160499
test_debug,194,2472588,7277365,0.001178,95.480000,0,24471.827549
test_debug,195,2485280,7314720,0.001200,95.380000,0,24596.6650829
test_debug,196,2497824,7352100,0.001209,95.280000,0,24720.916291
test_debug,197,2510467,7389533,0.001181,95.460000,0,24845.5433559
test_debug,198,2522968,7427032,0.001187,95.480000,0,24969.4742649
test_debug,199,2535409,7464591,0.001211,95.280000,0,25093.1352129
